MarkerName	chr	pos	Allele1	Allele2	Freq1	FreqSE	info	Effect	StdErr	Pvalue	Direction	HetISq	HetChiSq	HetDf	HetPVal	beta_female	se_female	p_female	beta_male	se_male	p_male	beta_both	se_both	p_both	Female.specific	Male.specific	Z.test.difference	P.value	Significant.difference	Bonferroni.significant
rs159962	1	8490983	c	t	0.6654	0	0.99925	-0.1194	0.0218	4.47e-08	--	0	0.092	1	0.7618	0.111	0.036	0.00230303	0.124	0.027	5.28e-06	0.118	0.022	1.15e-07	NA		-0.3	0.38		0.00
rs12140153	1	62579891	g	t	0.909	0	0.99179	0.2138	0.0361	3.35e-09	++	81.1	5.284	1	0.02152	-0.102	0.061	0.0915375	-0.276	0.045	9.63e-10	-0.198	0.037	8.12e-08	NA		2.3	0.01	Significant	0.00
rs11209948	1	72811904	g	t	0.3938	0	1	-0.1161	0.0211	3.59e-08	--	42.1	1.726	1	0.1889	0.079	0.035	0.0231153	0.137	0.026	2.12e-07	0.111	0.021	2.2e-07	NA		-1.31	0.09		0.00
rs71658797	1	77967507	t	a	0.8842	0	0.99891	-0.179	0.032	2.17e-08	--	0	0.805	1	0.3695	0.217	0.053	4.16e-05	0.157	0.04	8.98e-05	0.186	0.033	1.21e-08	NA		0.9	0.18		0.00
rs41279738	1	110082551	g	t	0.025	0	0.99827	0.3883	0.0653	2.72e-09	++	60.6	2.539	1	0.111	0.524	0.107	1.06e-06	0.309	0.082	0.00017334	0.41	0.066	7.27e-10	NA		1.59	0.06		0.00
rs11205303	1	149906413	c	t	0.3976	0	1	0.1374	0.0211	6.77e-11	++	47.7	1.91	1	0.1669	0.176	0.035	4.58e-07	0.115	0.026	1.27e-05	0.143	0.021	2.9e-11	NA		1.38	0.08		0.00
rs543874	1	177889480	g	a	0.205	0	1	0.2517	0.0256	8.26e-23	++	86	7.143	1	0.007527	0.342	0.042	7.19e-16	0.2	0.032	5e-10	0.265	0.026	3.11e-24	NA		2.67	0.004	Significant	0.00
rs2644109	1	201797535	c	t	0.6694	0	0.99939	-0.1198	0.0219	4.73e-08	--	0	0.075	1	0.7844	0.128	0.036	0.000438228	0.115	0.028	2.82e-05	0.121	0.022	6.6e-08	NA		0.27	0.39		0.00
rs2820444	1	219741820	g	a	0.7088	0	0.9997	-0.1397	0.0226	6.66e-10	--	0	0.552	1	0.4573	0.162	0.038	1.65e-05	0.127	0.028	7.33e-06	0.144	0.023	4.42e-10	NA		0.74	0.23		0.00
rs62104180	2	466003	g	a	0.9518	0	1	0.3495	0.0471	1.17e-13	++	72.5	3.641	1	0.05636	-0.469	0.078	2.07e-09	-0.282	0.059	1.82e-06	-0.365	0.048	3.21e-14	NA		-1.91	0.03	Significant	0.00
rs59086897	2	25145173	t	a	0.506	0	0.99961	-0.1926	0.0207	1.33e-20	--	0	0.636	1	0.4251	0.171	0.034	6.7e-07	0.205	0.026	2.65e-15	0.19	0.021	2.21e-19	NA		-0.8	0.21		0.00
rs13410783	2	36789166	g	a	0.365	0	0.99968	0.1272	0.0215	3.14e-09	++	21	1.266	1	0.2606	0.159	0.036	7.76e-06	0.109	0.027	5.24e-05	0.131	0.022	2.35e-09	NA		1.12	0.13		0.00
rs6545714	2	59307725	g	a	0.3942	0	0.99926	0.1439	0.0212	1.09e-11	++	0	0.096	1	0.757	-0.135	0.035	0.000121619	-0.149	0.027	2.02e-08	-0.143	0.022	3.22e-11	NA		0.31	0.38		0.00
rs4410328	2	69600683	c	t	0.5886	0	0.99908	0.1173	0.0211	2.58e-08	++	0	0.63	1	0.4275	-0.095	0.035	0.00643575	-0.13	0.026	8.68e-07	-0.113	0.021	1.37e-07	NA		0.79	0.21		0.00
rs1128249	2	165528624	g	t	0.6058	0	1	-0.1514	0.0212	9.03e-13	--	34.2	1.519	1	0.2177	0.186	0.035	1.23e-07	0.132	0.027	7.12e-07	0.157	0.022	3.66e-13	NA		1.23	0.11		0.00
rs10930502	2	172890588	g	a	0.3018	0	0.99926	-0.1345	0.0226	2.81e-09	--	0	0.811	1	0.3678	-0.161	0.038	1.72e-05	-0.119	0.028	2.67e-05	-0.138	0.023	2.3e-09	NA		-0.9	0.18		0.00
rs7590658	2	205375133	g	a	0.0778	0	0.99855	0.251	0.0402	4.12e-10	++	0	0.762	1	0.3828	-0.298	0.067	8.59e-06	-0.225	0.05	7.7e-06	-0.258	0.041	2.95e-10	NA		-0.87	0.19		0.00
rs2972138	2	227106217	g	a	0.6538	0	0.9998	-0.12	0.0216	2.7e-08	--	92.5	13.372	1	0.0002554	-0.015	0.036	0.673705	-0.179	0.027	3.12e-11	-0.105	0.022	1.81e-06	NA	Male-specific	3.66	0.000128	Significant	Significant
rs11712037	3	12344730	g	c	0.1164	0	0.99936	0.2702	0.0319	2.44e-17	++	0	0.585	1	0.4444	0.303	0.053	1.25e-08	0.252	0.04	2.65e-10	0.274	0.033	4.21e-17	NA		0.76	0.22		0.00
rs3749237	3	49770032	g	a	0.6811	0	1	-0.1351	0.0221	9.86e-10	--	45.9	1.848	1	0.174	0.175	0.037	1.87e-06	0.112	0.028	4.95e-05	0.138	0.023	8.23e-10	NA		1.36	0.09		0.00
rs9818550	3	61271329	g	t	0.2855	0	0.99873	-0.1301	0.0233	2.32e-08	--	0	0.022	1	0.8815	-0.135	0.039	0.000495907	-0.127	0.029	1.25e-05	-0.131	0.024	3.18e-08	NA		-0.15	0.44		0.00
rs1464419	3	153691260	c	a	0.3284	0	0.99988	-0.122	0.022	2.89e-08	--	0	0.16	1	0.6887	0.134	0.037	0.000252174	0.115	0.028	2.81e-05	0.125	0.022	2.31e-08	NA		0.4	0.34		0.00
rs2192527	4	18329824	g	a	0.471	0	0.9997	0.1345	0.0208	9.68e-11	++	0	0.323	1	0.5699	0.15	0.034	1.35e-05	0.126	0.026	1.41e-06	0.138	0.021	6.98e-11	NA		0.57	0.28		0.00
rs13130484	4	45175691	c	t	0.572	0	0.99945	-0.1999	0.021	1.41e-21	--	0	0.742	1	0.3892	0.224	0.035	1.31e-10	0.186	0.026	1.22e-12	0.204	0.021	1.32e-21	NA		0.86	0.19		0.00
rs6847975	4	80812960	g	a	0.6497	0	0.99774	-0.1374	0.0217	2.55e-10	--	0	0.054	1	0.816	0.131	0.036	0.000284774	0.141	0.027	2.17e-07	0.138	0.022	5.41e-10	NA		-0.23	0.41		0.00
rs13107325	4	103188709	c	t	0.9283	0	1	-0.2655	0.0395	1.77e-11	--	53	2.128	1	0.1446	0.188	0.066	0.00456457	0.308	0.049	3.67e-10	0.251	0.04	5.1e-10	NA		-1.46	0.07		0.00
rs13163173	5	87943620	c	a	0.8341	0	0.99916	-0.1861	0.0284	5.72e-11	--	5.1	1.054	1	0.3046	0.148	0.047	0.00171238	0.208	0.036	5.17e-09	0.178	0.029	7.41e-10	NA		-1.03	0.15		0.00
rs2963469	5	158001309	t	a	0.3574	0	0.99734	-0.1395	0.0218	1.7e-10	--	0	0.297	1	0.5855	-0.155	0.036	1.83e-05	-0.131	0.027	1.87e-06	-0.142	0.022	1.67e-10	NA		-0.55	0.29		0.00
rs62396185	6	26180634	g	c	0.7389	0	0.9994	0.1837	0.0236	6.3e-15	++	1	1.01	1	0.3148	-0.215	0.039	3.58e-08	-0.166	0.03	2.06e-08	-0.19	0.024	2.76e-15	NA		-1.01	0.16		0.00
rs1046080	6	31595882	c	a	0.2759	0	1	-0.1278	0.023	2.73e-08	--	0	0.15	1	0.6984	0.116	0.038	0.00239994	0.134	0.029	2.99e-06	0.128	0.023	4.93e-08	NA		-0.39	0.35		0.00
rs142550007	6	40267936	g	a	0.9832	0	0.99478	-0.4448	0.0807	3.6e-08	--	0	0.45	1	0.5023	0.517	0.135	0.000125083	0.404	0.101	6.05e-05	0.458	0.082	2.65e-08	NA		0.67	0.25		0.00
rs4711961	6	50833084	g	a	0.8309	0	0.99998	-0.1647	0.0276	2.41e-09	--	0	0.067	1	0.7951	0.174	0.046	0.000133567	0.159	0.035	4.39e-06	0.163	0.028	6.69e-09	NA		0.26	0.4		0.00
rs9320823	6	98429337	c	t	0.6094	0	0.99985	0.1344	0.0212	2.26e-10	++	18.6	1.229	1	0.2676	0.103	0.035	0.00328927	0.152	0.027	1.02e-08	0.129	0.022	2.3e-09	NA		-1.11	0.13		0.00
rs1591805	6	126717064	g	a	0.5007	0	0.9991	-0.1195	0.0207	8.21e-09	--	74.5	3.924	1	0.04761	-0.065	0.034	0.0579965	-0.151	0.026	6.96e-09	-0.112	0.021	1.21e-07	NA		1.98	0.02	Significant	0.00
rs848457	7	77602503	g	t	0.3827	0	1	0.1214	0.0213	1.21e-08	++	81.7	5.463	1	0.01943	-0.188	0.035	1.21e-07	-0.084	0.027	0.00162967	-0.132	0.022	1.35e-09	NA		-2.34	0.01	Significant	0.00
rs35682716	7	113021580	c	t	0.6544	0	0.99727	0.1195	0.0218	4.49e-08	++	85.5	6.91	1	0.008573	-0.195	0.036	6.71e-08	-0.076	0.027	0.00558085	-0.13	0.022	5.33e-09	NA		-2.63	0	Significant	0.00
rs972283	7	130466854	g	a	0.522	0	1	-0.1231	0.0207	2.71e-09	--	76.9	4.334	1	0.03735	-0.18	0.034	1.55e-07	-0.091	0.026	0.000483059	-0.131	0.021	5.33e-10	NA		-2.08	0.02	Significant	0.00
rs80206917	7	140159389	c	t	0.287	0	0.99866	-0.1249	0.0227	3.89e-08	--	61.2	2.574	1	0.1086	-0.077	0.038	0.0421114	-0.152	0.028	8.72e-08	-0.116	0.023	5.2e-07	NA		1.6	0.05		0.00
rs7845090	8	73449940	g	a	0.2972	0	0.99885	0.1416	0.0229	6.72e-10	++	0	0.641	1	0.4232	-0.166	0.038	1.26e-05	-0.128	0.029	9.22e-06	-0.146	0.023	4.38e-10	NA		-0.8	0.21		0.00
rs11515071	9	15855545	c	t	0.6416	0	0.99826	0.1694	0.0216	4.37e-15	++	21.7	1.277	1	0.2585	-0.202	0.036	1.88e-08	-0.151	0.027	2.36e-08	-0.174	0.022	2.91e-15	NA		-1.13	0.13		0.00
rs10968577	9	28415512	c	t	0.681	0	0.99978	-0.1314	0.0221	2.76e-09	--	0	0.049	1	0.8247	0.138	0.037	0.000172624	0.128	0.028	3.96e-06	0.131	0.023	5.89e-09	NA		0.22	0.41		0.00
rs4744546	9	136924744	c	t	0.5584	0	0.99889	0.1232	0.0209	3.85e-09	++	0	0.375	1	0.5402	-0.106	0.035	0.0020893	-0.133	0.026	4.2e-07	-0.122	0.021	1.09e-08	NA		0.61	0.27		0.00
rs12253527	10	21819824	g	a	0.6791	0	0.99939	-0.1271	0.0222	1.11e-08	--	0	0.532	1	0.4657	0.149	0.037	5.81e-05	0.115	0.028	3.72e-05	0.129	0.023	1.43e-08	NA		0.73	0.23		0.00
rs10999439	10	72386740	c	t	0.2699	0	0.99949	0.1439	0.0232	5.65e-10	++	65.5	2.898	1	0.08869	0.196	0.039	3.51e-07	0.114	0.029	8.78e-05	0.153	0.024	9.75e-11	NA		1.7	0.04	Significant	0.00
rs2274224	10	96039597	g	c	0.5619	0	1	0.1679	0.0208	7.93e-16	++	0	0.104	1	0.7471	-0.159	0.035	4.28e-06	-0.173	0.026	3.56e-11	-0.167	0.021	4.32e-15	NA		0.32	0.37		0.00
rs10749233	10	118777998	g	c	0.2561	0	0.99475	0.1374	0.0245	2.08e-08	++	0	0	1	0.9947	-0.138	0.041	0.00073367	-0.137	0.031	7.71e-06	-0.138	0.025	3.56e-08	NA		-0.01	0.5		0.00
rs61888762	11	27709630	g	c	0.3163	0	0.99976	0.1549	0.0222	2.66e-12	++	0	0.884	1	0.3472	0.182	0.037	6.76e-07	0.139	0.028	5.39e-07	0.16	0.023	1.57e-12	NA		0.94	0.17		0.00
rs10838137	11	43634973	c	a	0.666	0	0.99931	-0.1349	0.0221	9.59e-10	--	0	0.33	1	0.5655	-0.152	0.037	3.47e-05	-0.125	0.028	5.68e-06	-0.137	0.022	1.25e-09	NA		-0.57	0.28		0.00
rs59360790	11	47669175	c	t	0.4001	0	0.99966	0.1758	0.021	6.31e-17	++	0	0.069	1	0.7925	0.183	0.035	1.51e-07	0.172	0.026	7.6e-11	0.178	0.021	1.21e-16	NA		0.26	0.4		0.00
rs11223600	11	133718882	c	t	0.9055	0	0.99337	0.2027	0.0354	1.05e-08	++	80.5	5.138	1	0.02341	-0.309	0.059	1.49e-07	-0.142	0.044	0.00135363	-0.216	0.036	2.12e-09	NA		-2.27	0.01	Significant	0.00
rs7975788	12	90273927	g	t	0.2645	0	0.99768	0.1324	0.0233	1.39e-08	++	0	0.001	1	0.977	0.131	0.039	0.000682025	0.133	0.029	5.49e-06	0.133	0.024	2.29e-08	NA		-0.03	0.49		0.00
rs1426371	12	108629780	g	a	0.7416	0	0.99758	0.1707	0.0238	6.71e-13	++	48	1.924	1	0.1654	-0.214	0.039	5.2e-08	-0.146	0.03	1.01e-06	-0.178	0.024	2.19e-13	NA		-1.39	0.08		0.00
rs7133378	12	124409502	g	a	0.6791	0	0.99939	-0.1626	0.0223	2.95e-13	--	41.2	1.699	1	0.1924	0.201	0.037	5.77e-08	0.141	0.028	4.43e-07	0.17	0.023	7.71e-14	NA		1.3	0.1		0.00
rs1928496	13	31012904	c	t	0.2561	0	1	-0.1307	0.0237	3.32e-08	--	0	0.036	1	0.8496	0.137	0.039	0.000495222	0.127	0.03	1.78e-05	0.135	0.024	2.33e-08	NA		0.19	0.42		0.00
rs61969510	13	86484025	c	t	0.2726	0	0.99846	0.1343	0.0233	8.4e-09	++	70.1	3.345	1	0.06742	0.191	0.039	8.08e-07	0.102	0.029	0.000482725	0.142	0.024	2.37e-09	NA		1.83	0.03	Significant	0.00
rs7339274	13	99120272	c	t	0.7152	0	1	0.1445	0.0227	2.06e-10	++	0	0.049	1	0.8244	-0.138	0.038	0.000272898	-0.148	0.028	1.83e-07	-0.143	0.023	7.61e-10	NA		0.22	0.41		0.00
rs8021531	14	75737909	g	a	0.7109	0	0.99979	-0.1274	0.023	2.85e-08	--	0	0.097	1	0.7552	-0.137	0.038	0.000317687	-0.122	0.029	2.28e-05	-0.126	0.023	6.7e-08	NA		-0.31	0.38		0.00
rs55882426	14	94120712	c	t	0.498	0	0.99857	-0.1158	0.0208	2.54e-08	--	0	0.563	1	0.4529	0.136	0.034	7.47e-05	0.104	0.026	6.69e-05	0.12	0.021	1.46e-08	NA		0.75	0.23		0.00
rs3751585	15	51741056	g	a	0.8027	0	1	-0.1433	0.0259	3.11e-08	--	0	0.087	1	0.7686	0.133	0.043	0.00192575	0.149	0.032	4.36e-06	0.139	0.026	1.27e-07	NA		-0.29	0.38		0.00
rs28399271	15	67710011	g	a	0.7353	0	0.99856	0.1548	0.0235	4.58e-11	++	0	0.792	1	0.3736	-0.127	0.039	0.00112564	-0.171	0.029	7.03e-09	-0.151	0.024	3.32e-10	NA		0.89	0.19		0.00
rs8031704	15	84651185	c	a	0.6688	0	0.99967	-0.1699	0.022	1.26e-14	--	74	3.844	1	0.04991	0.227	0.037	5.41e-10	0.137	0.028	6.5e-07	0.18	0.022	1.01e-15	NA		1.96	0.02	Significant	0.00
rs879620	16	4015729	c	t	0.4024	0	0.99914	-0.1351	0.0212	2.03e-10	--	11.6	1.131	1	0.2876	0.165	0.035	2.9e-06	0.118	0.027	9.16e-06	0.14	0.022	1.1e-10	NA		1.06	0.14		0.00
rs2941318	16	9312782	g	a	0.5786	0	0.99911	0.1144	0.021	4.74e-08	++	0	0.834	1	0.3611	-0.089	0.035	0.0103252	-0.129	0.026	9.28e-07	-0.113	0.021	1.2e-07	NA		0.91	0.18		0.00
rs2411453	16	28632021	g	t	0.5946	0	0.99854	-0.1898	0.0211	2.59e-19	--	71.4	3.495	1	0.06155	-0.138	0.035	8.66e-05	-0.22	0.026	1.09e-16	-0.181	0.022	3.65e-17	NA		1.87	0.03	Significant	0.00
rs1421085	16	53800954	c	t	0.3943	0	1	0.3194	0.0211	1.03e-51	++	0	0.121	1	0.7276	0.329	0.035	5.06e-21	0.314	0.026	2.25e-32	0.321	0.022	3.4e-50	NA		0.35	0.36		0.00
rs11866219	16	69549749	c	a	0.5761	0	0.99639	-0.1366	0.0213	1.34e-10	--	0	0.009	1	0.9233	-0.134	0.035	0.000140217	-0.138	0.027	2.31e-07	-0.134	0.022	5.69e-10	NA		0.1	0.46		0.00
rs9893756	17	42321109	c	t	0.6984	0	0.99846	-0.1417	0.0227	4.1e-10	--	0	0.778	1	0.3777	-0.168	0.038	7.69e-06	-0.127	0.028	8.49e-06	-0.144	0.023	4.47e-10	NA		-0.88	0.19		0.00
rs2080090	17	65828371	t	a	0.8085	0	0.9991	-0.1644	0.0266	6.17e-10	--	0	0.615	1	0.4327	0.137	0.044	0.001962	0.18	0.033	6.23e-08	0.158	0.027	5.46e-09	NA		-0.78	0.22		0.00
rs1834144	18	40744790	c	a	0.624	0	0.9992	0.1195	0.0215	2.55e-08	++	73.7	3.804	1	0.05114	-0.175	0.036	8.98e-07	-0.088	0.027	0.00108069	-0.127	0.022	5.82e-09	NA		-1.95	0.03	Significant	0.00
rs663640	18	57846077	c	t	0.7779	0	0.99926	-0.1763	0.0251	2.1e-12	--	15.5	1.183	1	0.2768	0.212	0.042	3.26e-07	0.156	0.031	7.51e-07	0.182	0.026	1.09e-12	NA		1.09	0.14		0.00
rs11666808	19	18383506	c	t	0.6298	0	0.99909	-0.179	0.0214	6.06e-17	--	33.3	1.5	1	0.2206	-0.144	0.035	4.74e-05	-0.199	0.027	1.28e-13	-0.173	0.022	2.28e-15	NA		1.22	0.11		0.00
rs33823	19	34000725	c	t	0.3603	0	0.99744	-0.1417	0.0218	8.41e-11	--	0	0	1	0.997	-0.142	0.036	9.05e-05	-0.142	0.027	2.22e-07	-0.14	0.022	2.73e-10	NA		0	0.5		0.00
rs1800437	19	46181392	g	c	0.8084	0	1	0.151	0.0261	6.91e-09	++	70.5	3.387	1	0.06569	-0.215	0.043	7.02e-07	-0.115	0.033	0.000445862	-0.159	0.027	1.98e-09	NA		-1.84	0.03	Significant	0.00
rs1538482	20	47705496	c	t	0.3077	0	0.99999	-0.1388	0.0225	6.3e-10	--	0	0.582	1	0.4457	-0.161	0.037	1.42e-05	-0.126	0.028	7.89e-06	-0.145	0.023	2.6e-10	NA		-0.76	0.22		0.00
rs7282639	21	46491155	g	c	0.3219	0	0.99868	0.1208	0.0221	4.81e-08	++	0	0.118	1	0.7312	-0.131	0.037	0.000367282	-0.115	0.028	3.34e-05	-0.123	0.023	4.97e-08	NA		-0.34	0.37		0.00
rs4821764	22	38599364	g	a	0.4217	0	0.9997	0.1508	0.021	6.43e-13	++	0	0.003	1	0.9532	-0.149	0.035	1.88e-05	-0.152	0.026	7.53e-09	-0.15	0.021	2.08e-12	NA		0.06	0.48		0.00
