SNP	CHR	POS	Tested_Allele	Other_Allele	Freq_Tested_Allele_in_HRS	BETA	SE	P	N	BETA_COJO	SE_COJO	P_COJO
rs1000096	4	38692835	T	C	0.3801	-0.0144	0.0018	1.8e-15	656860	-0.0133875	0.00181383	1.57349e-13
rs1000940	17	5283252	A	G	0.7013	-0.0154	0.0018	1.1e-17	794558	-0.0114958	0.00186844	7.62249e-10
rs1003081	11	118913993	T	C	0.4497	0.0121	0.0016	1.3e-13	788712	0.0104564	0.00166419	3.31688e-10
rs10035289	5	153095918	A	G	0.4739	0.0085	0.0017	8.2e-07	689769	0.0114252	0.00172326	3.35657e-11
rs10037047	5	88219964	A	G	0.8354	-0.0056	0.0023	0.016	680227	-0.0449585	0.00298967	4.14171e-51
rs1006353	13	28047269	A	G	0.2485	0.0126	0.0019	2.3e-11	790767	0.0112275	0.00192073	5.05348e-09
rs10066835	5	151254297	T	C	0.01637	0.0428	0.0074	6.5e-09	662130	0.0450808	0.00740724	1.15733e-09
rs10083803	16	6701400	T	C	0.2605	-0.0127	0.0019	5.9e-11	690845	-0.0112293	0.0019489	8.31941e-09
rs10110727	8	14324437	A	G	0.2926	0.0135	0.002	3.2e-11	551363	0.0117582	0.00203584	7.66696e-09
rs10118701	9	103061366	A	G	0.6773	-0.0163	0.0018	1.1e-18	692315	-0.0133719	0.00192191	3.46109e-12
rs10131890	14	97258752	A	C	0.9503	-0.0222	0.0039	1.6e-08	691777	-0.0252429	0.00394484	1.56419e-10
rs10132280	14	25928179	A	C	0.3017	-0.0223	0.0018	5.6e-35	786578	-0.020148	0.00185887	2.25306e-27
rs1014194	5	168192944	A	C	0.6434	0.0102	0.0018	1.8e-08	686107	0.010939	0.00181585	1.69987e-09
rs1014312	3	135621417	C	G	0.5641	0.0018	0.0017	0.3	686402	-0.022919	0.00242122	2.91154e-21
rs10146527	14	79499850	T	C	0.6361	0.0137	0.0017	2.3e-15	781339	0.0130478	0.00171037	2.3724e-14
rs1015362	20	32738612	T	C	0.2869	-0.0038	0.0019	0.046	692525	0.0195781	0.00335534	5.38243e-09
rs1015363	20	32738335	A	G	0.5556	-0.0024	0.0017	0.16	687260	0.0341867	0.00368556	1.76219e-20
rs10168197	2	51834839	C	G	0.2004	-0.0113	0.0021	1.3e-07	689662	-0.0135969	0.00211286	1.23238e-10
rs10182181	2	25150296	A	G	0.5247	-0.0325	0.0016	6.7e-90	792111	-0.0276557	0.00181594	2.25727e-52
rs10190332	2	61619267	T	G	0.6127	0.0037	0.0019	0.054	527668	0.0132993	0.002182	1.09443e-09
rs10203277	2	103496700	A	G	0.1324	0.0044	0.0025	0.087	690127	0.0199849	0.00329114	1.2606e-09
rs1020548	6	56810539	A	G	0.8344	-0.0132	0.0023	6.6e-09	688748	-0.0151684	0.00232951	7.44533e-11
rs10211055	2	229016917	T	C	0.6544	-0.0157	0.0018	7.2e-18	686577	-0.0140488	0.00181858	1.11732e-14
rs10268050	7	44522617	T	C	0.7954	-0.0113	0.002	3.5e-08	794416	-0.0141408	0.00206343	7.23031e-12
rs10269783	7	49616203	A	G	0.3896	0.0133	0.0017	1.4e-15	790551	0.0137317	0.00170266	7.33422e-16
rs10275044	7	1273845	A	T	0.2075	-0.0129	0.0023	3.3e-08	610254	-0.0141	0.00233929	1.6653e-09
rs1035010	7	69598328	T	C	0.2566	0.0139	0.002	6.2e-12	637868	0.0139302	0.0020145	4.68062e-12
rs1037587	11	11796727	T	C	0.4535	0.0106	0.0017	1.1e-09	687559	0.0102257	0.00176746	7.2289e-09
rs1038088	17	28074563	T	G	0.4919	-0.0117	0.0016	4.6e-13	794680	-0.0128147	0.00166133	1.22424e-14
rs10408013	19	33963766	T	C	0.2908	0.0111	0.0018	8e-10	794820	0.01332	0.00187966	1.3764e-12
rs1040881	20	15099816	T	C	0.6743	0.0106	0.0018	1.1e-08	691190	0.0109593	0.00181277	1.48839e-09
rs10438964	18	42950629	T	C	0.2757	-0.0127	0.0019	7.6e-11	686868	-0.0141183	0.00195937	5.78108e-13
rs1045411	13	31033232	T	C	0.2647	-0.0148	0.0019	2.3e-15	776153	-0.0153396	0.00190549	8.26436e-16
rs10456637	6	50763935	A	T	0.7406	0.0134	0.0019	4.3e-12	788067	0.0430738	0.00404484	1.76131e-26
rs10459012	11	55091574	A	C	0.2242	0.0084	0.002	2.3e-05	792142	0.027668	0.00251804	4.37001e-28
rs10460960	3	42308735	A	G	0.8876	0.0197	0.0025	8.1e-15	793248	0.0186635	0.00253696	1.88582e-13
rs10467530	13	54694130	C	G	0.1365	0.0148	0.0026	2e-08	689848	0.0191185	0.0027317	2.58264e-12
rs1048365	7	100804430	T	C	0.1548	0.0136	0.0025	5.9e-08	636076	0.0144605	0.00251914	9.45386e-09
rs1048775	17	79202329	C	G	0.4796	0.0061	0.0017	4e-04	690082	0.0115141	0.00189334	1.19174e-09
rs1048932	11	115044850	A	C	0.4162	-0.016	0.0017	3.8e-22	795167	-0.0163731	0.00175364	9.94686e-21
rs10497807	2	198585087	C	G	0.5203	-0.011	0.0016	1.5e-11	780080	-0.0183722	0.00184877	2.85849e-23
rs10499276	6	154309808	T	C	0.1242	0.0172	0.0025	2.2e-12	794584	0.0149677	0.00252733	3.17383e-09
rs10500548	16	69174141	T	C	0.05788	0.0188	0.0036	1.9e-07	690612	0.0217631	0.00364449	2.35056e-09
rs10510321	3	6009092	T	C	0.2027	0.0114	0.0021	9.6e-08	685852	0.0123618	0.00211651	5.20013e-09
rs10511093	3	83763541	T	C	0.07425	-0.0228	0.0034	1.1e-11	692481	-0.0270465	0.0040866	3.63274e-11
rs10515050	17	51923847	T	C	0.4149	-0.0077	0.0017	1e-05	691102	-0.0103732	0.0018093	9.85212e-09
rs10519151	15	77156899	A	T	0.06747	-0.0095	0.0035	0.0061	692302	0.0306822	0.00492871	4.80962e-10
rs1057452	16	29833714	A	G	0.03713	0.0173	0.0024	1.6e-12	692447	0.0170195	0.00240007	1.32895e-12
rs10733051	1	167280354	A	G	0.5198	0.0097	0.0016	2.9e-09	781928	0.0096733	0.00160549	1.68951e-09
rs10744146	12	17212881	A	G	0.5146	-0.0122	0.0017	1.4e-12	689141	-0.0135077	0.00173058	5.93645e-15
rs10745785	12	97586257	T	C	0.6674	-0.0111	0.0018	1.2e-09	691086	-0.0112543	0.00183707	9.00014e-10
rs10754210	1	197012111	A	G	0.3107	-0.0123	0.0018	3.2e-11	692251	-0.0124387	0.00180437	5.43686e-12
rs1075901	17	15943910	T	C	0.4361	-0.0121	0.0016	1.2e-13	794789	-0.0127328	0.00160443	2.08713e-15
rs10769165	11	45706453	T	C	0.5226	-0.0067	0.0016	4.8e-05	794571	-0.0108303	0.00179925	1.75087e-09
rs10772055	12	33379440	C	G	0.8656	-0.0172	0.0024	2.1e-12	792168	-0.017406	0.00240226	4.30356e-13
rs10773049	12	124506631	T	C	0.5983	-0.0116	0.0017	4.1e-12	790708	-0.0103316	0.00173746	2.74118e-09
rs10779751	1	11284336	A	G	0.2744	0.0139	0.0018	2.5e-14	794997	0.0139531	0.00180066	9.26946e-15
rs10797115	9	92191256	T	C	0.5365	0.0124	0.0017	9.9e-13	687215	0.0118861	0.00170731	3.35761e-12
rs10818810	9	126096522	A	G	0.3908	0.0126	0.0017	1.1e-13	770877	0.0107531	0.00176724	1.16738e-09
rs10818938	9	127049237	A	G	0.4215	0.0114	0.0017	5.1e-11	691410	0.0122369	0.00170883	8.01125e-13
rs10830452	11	89966202	A	G	0.6712	-0.0111	0.0018	2.1e-09	690453	-0.0116252	0.00181681	1.56737e-10
rs10832778	11	17394073	C	G	0.3778	-0.0125	0.0017	1.3e-13	783042	-0.0114024	0.00171283	2.79434e-11
rs10838122	11	43551416	T	C	0.4802	-0.0105	0.0017	1.5e-09	673207	-0.0103804	0.00176362	3.95969e-09
rs10838852	11	48286256	T	C	0.5627	0.0053	0.0017	0.0022	692513	-0.088482	0.00448712	1.47824e-86
rs10839472	11	49994823	T	C	0.7657	0.0044	0.002	0.03	691909	0.0399847	0.00275932	1.38527e-47
rs10840606	11	2234690	A	G	0.8259	-0.0164	0.0024	3.2e-12	642006	-0.0173962	0.00243294	8.65956e-13
rs10840674	12	17360254	A	G	0.6938	-0.0089	0.0018	4.5e-07	791973	-0.0110991	0.00184223	1.69329e-09
rs10842240	12	24060075	C	G	0.1158	0.0218	0.0027	3.1e-16	691476	0.0203953	0.00279951	3.20943e-13
rs10850031	12	112771063	T	G	0.7198	-0.0075	0.0018	3.5e-05	794630	-0.044529	0.00402955	2.1769e-28
rs10865858	3	34700713	T	C	0.5983	0.0092	0.0017	1.6e-07	691886	0.0106298	0.00177168	1.97465e-09
rs10867256	9	81367391	T	C	0.553	-0.0118	0.0017	8.7e-12	689493	-0.0112208	0.00172082	7.00134e-11
rs10876418	12	39428802	T	C	0.2325	-0.0123	0.0019	2.8e-10	787067	-0.0188704	0.00210467	3.07576e-19
rs10878946	12	69642315	T	C	0.714	-0.0141	0.0019	3.6e-13	685707	-0.0146627	0.00190755	1.51006e-14
rs10883553	10	102635475	A	C	0.4511	0.0119	0.0018	1.9e-11	690191	0.0116392	0.00182173	1.66842e-10
rs10883759	10	104412049	A	G	0.3023	-0.0122	0.0018	5.4e-12	791911	-0.0120174	0.00184836	7.94294e-11
rs10886017	10	118672531	A	C	0.2524	0.0152	0.0019	1.4e-15	786354	0.0130504	0.0020047	7.52007e-11
rs10887578	10	88096047	C	G	0.4896	0.0128	0.0017	1.6e-13	679172	0.01249	0.00171787	3.57876e-13
rs10915840	1	225668524	A	G	0.283	-0.0118	0.0019	1.3e-09	684857	-0.0126611	0.00196109	1.07384e-10
rs10920678	1	190239907	A	G	0.4291	0.0155	0.0016	1.5e-21	788624	0.0155341	0.00171531	1.35149e-19
rs10923724	1	119546842	T	C	0.5725	-0.0118	0.0016	6.4e-13	789514	-0.0114243	0.00160618	1.13784e-12
rs10929925	2	6155557	A	C	0.4301	-0.0143	0.0016	1.8e-18	787036	-0.0105979	0.00172331	7.76113e-10
rs10930641	2	175000711	A	G	0.5911	-0.0137	0.0017	3.6e-15	690575	-0.0155984	0.00185732	4.52919e-17
rs10935143	3	134665159	A	G	0.4535	-0.0109	0.0017	2.8e-10	688983	-0.0099828	0.00170439	4.70963e-09
rs10938397	4	45182527	A	G	0.5683	-0.0324	0.0016	3.4e-86	793518	-0.032823	0.00161448	6.91577e-92
rs10953620	7	109173373	A	C	0.5173	-0.0101	0.0017	5.4e-09	687660	-0.00987095	0.00170131	6.55457e-09
rs10955841	8	118946541	A	G	0.6694	0.0096	0.0018	1.7e-07	688388	0.0141048	0.001886	7.50814e-14
rs10962549	9	16719445	T	C	0.168	0.0198	0.0023	2.5e-17	692271	0.0183743	0.00235135	5.52433e-15
rs10971712	9	33820938	T	C	0.1076	-0.0197	0.0027	6.4e-13	692587	-0.0181215	0.00278168	7.28896e-11
rs10989568	9	104396304	A	G	0.4619	0.0107	0.0017	6.6e-10	688508	0.0129214	0.00188762	7.62983e-12
rs11030385	11	28629115	A	G	0.3953	-0.0084	0.0018	1.9e-06	692117	-0.0194321	0.00218098	5.11122e-19
rs11039014	11	46895378	A	G	0.774	4e-04	0.0019	0.85	793931	0.0155967	0.00223926	3.28216e-12
rs11066301	12	112871372	A	G	0.5661	0.0114	0.0016	4.4e-12	795498	0.0124132	0.00192268	1.07391e-10
rs1106908	17	34942595	A	G	0.4409	-0.0158	0.0016	3.1e-22	795186	-0.0155927	0.00162554	8.61506e-22
rs11074446	16	20255123	T	C	0.8694	0.0225	0.0024	1.8e-20	773181	0.0247942	0.00240673	6.90089e-25
rs11075489	16	62803841	T	C	0.4828	-0.0111	0.0017	1.3e-10	688802	-0.0110234	0.0018039	9.90863e-10
rs11075986	16	53805344	C	G	0.9147	0.032	0.003	5.6e-26	790364	0.0304265	0.00469299	8.96878e-11
rs11079849	17	47090785	T	C	0.3199	-0.0188	0.0019	4.8e-24	687694	-0.0148889	0.00204071	2.9655e-13
rs11115176	12	82465797	T	C	0.7601	0.0121	0.0019	2e-10	792384	0.017084	0.00219492	7.05941e-15
rs11118308	1	219633869	A	G	0.5297	0.0101	0.0016	4.8e-10	794625	0.010052	0.00160016	3.34527e-10
rs11128760	3	15873407	A	G	0.4026	0.011	0.0017	3.1e-10	690962	0.0114933	0.00174906	4.99259e-11
rs11150911	18	73498528	A	C	0.2809	0.0133	0.0018	4.7e-13	781716	0.0138557	0.00181209	2.06926e-14
rs11172702	12	39982413	A	G	0.92341	0.0144	0.0033	1.1e-05	681630	0.0319811	0.0038675	1.34862e-16
rs11190661	10	102452136	T	C	0.3146	0.001	0.0018	0.59	690855	-0.0182167	0.00254846	8.79762e-13
rs11208662	1	65987164	C	G	0.0884	0.0209	0.0031	2e-11	691220	0.0211085	0.00311013	1.14484e-11
rs11231548	11	55686588	A	G	0.98661	-0.0278	0.006	3.7e-06	613180	-0.0397742	0.00614923	9.91979e-11
rs11250076	8	10647823	A	G	0.4385	0.0184	0.0018	3.2e-23	566163	0.0642412	0.00315053	2.02654e-92
rs11251352	10	2585792	A	G	0.4012	-0.0109	0.0018	7e-10	690804	-0.0117511	0.00184685	1.98127e-10
rs11259933	15	84580156	A	G	0.5226	-0.0066	0.0017	0.00011	703399	-0.0130344	0.00184634	1.67038e-12
rs11496125	7	103417557	T	C	0.4212	0.0169	0.0017	3e-22	684574	0.014581	0.00179463	4.48156e-16
rs11577179	1	155983710	A	G	0.3721	-0.0108	0.0017	1.5e-10	790199	-0.0128749	0.00183097	2.04004e-12
rs1158103	1	101024370	A	G	0.5558	-0.009	0.0017	2e-07	688665	-0.00996797	0.00171935	6.73011e-09
rs11583122	1	38053458	T	C	0.07905	0.0182	0.003	7.4e-10	784393	0.0173033	0.00301137	9.13865e-09
rs11590474	1	174972588	T	C	0.792	-0.005	0.0021	0.018	685475	-0.0361264	0.0036766	8.69777e-23
rs11600990	11	64082807	T	C	0.1569	-0.0178	0.0023	3.8e-14	691086	-0.0150925	0.00245721	8.14317e-10
rs11611246	12	939480	T	G	0.21	0.024	0.002	5e-32	779823	0.025301	0.00205338	6.92909e-35
rs11611496	12	108413828	A	G	0.2218	-0.0169	0.002	1.7e-16	690148	-0.0150443	0.00202675	1.14616e-13
rs11629783	15	66741387	C	G	0.7692	0.0146	0.002	9.8e-13	690824	0.0150176	0.00208962	6.63492e-13
rs11635675	15	63793238	T	G	0.6465	0.0124	0.0018	1.3e-11	688719	0.0171276	0.00190149	2.10913e-19
rs11642001	16	71899586	A	G	0.2121	-0.0137	0.0021	5.1e-11	691916	-0.0251446	0.0031259	8.69724e-16
rs11659764	18	53335512	A	T	0.05297	-0.0253	0.0039	8.9e-11	690582	-0.0304899	0.00415008	2.0299e-13
rs11668301	19	31016196	A	G	0.8482	0.021	0.0024	1.9e-18	691176	0.0174728	0.00243247	6.81275e-13
rs11672660	19	46180184	T	C	0.2049	-0.034	0.0021	1.7e-60	768426	-0.0354522	0.00223977	1.97888e-56
rs11711337	3	21794904	A	T	0.7161	-0.0104	0.0019	6.2e-08	687496	-0.0117271	0.00193234	1.28816e-09
rs11736228	4	147376805	A	T	0.7413	0.0139	0.002	4.1e-12	691580	0.0121889	0.00206418	3.52789e-09
rs11753081	6	20705590	T	G	0.8251	0.0138	0.0021	8.9e-11	790084	0.0132618	0.00220341	1.75755e-09
rs11756653	6	50054296	C	G	0.90675	-0.0046	0.0032	0.15	659948	-0.0231446	0.00392964	3.86796e-09
rs11773362	7	147668180	T	C	0.3369	-0.0111	0.0018	1.5e-09	690588	-0.0111582	0.0018025	6.00167e-10
rs1178060	6	50914343	A	G	0.8469	0.0193	0.0023	6.8e-17	780840	-0.104574	0.00652081	7.04604e-58
rs11781222	8	23389571	T	C	0.8714	0.0158	0.0024	5.3e-11	789828	0.015496	0.00240591	1.18852e-10
rs11781699	8	118863061	T	C	0.8104	-0.0132	0.0021	3.1e-10	784642	-0.0142198	0.00215342	4.01987e-11
rs11783247	8	10788875	T	C	0.5375	-0.0169	0.0016	1.2e-24	790309	-0.0889522	0.00352253	1.06703e-140
rs11790280	9	14651283	T	C	0.6138	-0.0103	0.0018	7.1e-09	684876	-0.0110282	0.0018522	2.61429e-09
rs11792069	9	140646121	A	G	0.83	0.0145	0.0024	6.5e-10	644252	0.0150569	0.00240382	3.75867e-10
rs11803119	1	174002465	A	T	0.01824	-0.0012	0.0071	0.87	662659	0.0587601	0.0090306	7.67801e-11
rs11844682	14	65910844	C	G	0.6608	-0.0099	0.0018	9.3e-08	686135	-0.0103611	0.00180627	9.6839e-09
rs11855853	15	78012618	T	C	0.2649	-0.0145	0.002	2.4e-13	682564	-0.0205465	0.00209384	9.91551e-23
rs11866815	16	387867	T	C	0.2461	-0.0156	0.0019	1e-16	792501	-0.0172196	0.00193835	6.4716e-19
rs11889536	2	220163543	A	G	0.8507	0.0189	0.0024	6.4e-15	688977	0.0185414	0.00248678	8.91843e-14
rs11915371	3	70539559	A	C	0.7962	-0.0149	0.0021	2.6e-12	690829	-0.0144688	0.00213835	1.32088e-11
rs11929028	3	51754424	T	G	0.07519	0.0174	0.0033	1.4e-07	675947	0.078701	0.00437711	2.78876e-72
rs11945861	4	65700865	A	G	0.2369	-0.0148	0.002	5e-13	682451	-0.0142977	0.0020052	1.00132e-12
rs11971041	7	26698848	A	G	0.90616	-0.021	0.0031	1e-11	689741	-0.0191154	0.00315385	1.35312e-09
rs11987383	8	15197115	A	C	0.88	-0.0147	0.0026	2.8e-08	688014	-0.0158509	0.0026178	1.40396e-09
rs12033257	1	112318484	A	G	0.6165	0.0146	0.0018	2.4e-15	664083	0.0134889	0.00184038	2.31124e-13
rs12035149	1	107885018	C	G	0.777	-0.0146	0.0021	3.9e-12	691352	-0.0157518	0.00210567	7.39364e-14
rs12035349	1	77557339	A	G	0.8705	-0.0188	0.0026	1.1e-12	666990	-0.0204255	0.00291822	2.57251e-12
rs12039524	1	173549827	A	G	0.1752	0.0011	0.0023	0.63	690240	-0.0487389	0.004606	3.62648e-26
rs12041258	1	195047936	T	C	0.7713	0.0146	0.002	9.5e-13	688602	0.0147983	0.0020989	1.78277e-12
rs12042908	1	74997762	A	G	0.4362	0.0184	0.0016	1.4e-29	794074	0.0169552	0.00163366	3.0995e-25
rs12042959	1	243533273	A	G	0.8495	0.0144	0.0024	3.4e-09	685384	0.0182803	0.00246305	1.15518e-13
rs12044597	1	1708801	A	G	0.4971	-0.0143	0.0016	1.7e-18	789125	-0.0130104	0.00166211	4.97046e-15
rs1205106	14	72269668	A	G	0.5415	-0.0084	0.0017	1.3e-06	685044	-0.0100049	0.00173453	8.01841e-09
rs12098284	10	76047464	T	C	0.1241	0.0178	0.0026	1.8e-11	686167	0.0157635	0.00271081	6.06171e-09
rs12101393	15	92570921	C	G	0.7803	0.0127	0.0021	1.5e-09	689675	0.0161497	0.00236271	8.18539e-12
rs12147845	14	101144596	T	C	0.1135	0.0199	0.0027	4.5e-13	687445	0.0201368	0.00274435	2.17551e-13
rs12148386	15	77254544	T	C	0.4583	-0.0049	0.0017	0.0052	687020	0.0475873	0.00423336	2.56438e-29
rs1218822	13	28011963	A	G	0.6663	0.0168	0.0017	1.9e-22	794711	0.0150767	0.00172351	2.1779e-18
rs12189178	5	50914726	T	C	0.03783	0.0364	0.0046	2.2e-15	789640	0.02774	0.00482391	8.89697e-09
rs12207241	6	57642076	A	G	0.6172	-0.0076	0.0018	2.2e-05	680683	-0.0414266	0.00370315	4.72933e-29
rs12215331	6	34644749	T	C	0.7864	0.0177	0.002	4.3e-18	758914	0.0207735	0.00234196	7.30549e-19
rs1229057	7	39054538	T	C	0.1216	0.017	0.0027	2.8e-10	683545	0.0160232	0.00277446	7.68433e-09
rs12306932	12	38242029	T	C	0.5105	-8e-04	0.0016	0.63	785165	-0.0193197	0.00260644	1.24124e-13
rs12327272	18	57726627	A	G	0.1142	0.0053	0.0027	0.05	690701	0.0278041	0.0033768	1.81277e-16
rs12364470	11	134601012	T	G	0.8374	-0.0178	0.0022	1.1e-15	787411	-0.017104	0.00222021	1.32129e-14
rs12369009	12	112019799	T	G	0.7971	-0.0019	0.002	0.34	794474	0.0614457	0.00504002	3.44735e-34
rs12411886	10	104685299	A	C	0.08261	0.0271	0.003	1.5e-19	792405	0.0338568	0.0031674	1.14438e-26
rs12417072	11	115623272	A	G	0.8851	-0.0151	0.0027	2e-08	680580	-0.0163448	0.00273955	2.42758e-09
rs1241986	18	6873954	A	G	0.8479	-0.0139	0.0024	1.1e-08	687757	-0.0149182	0.00241132	6.14239e-10
rs12420725	11	117017530	A	G	0.94142	-0.0226	0.0037	1.3e-09	679599	-0.0215729	0.00371415	6.31084e-09
rs12422552	12	14413931	C	G	0.2663	-0.0134	0.002	1.6e-11	689543	-0.014338	0.00203375	1.78836e-12
rs12429545	13	54102206	A	G	0.1248	0.0316	0.0025	9.6e-38	778918	0.0337114	0.00255348	8.52812e-40
rs12439798	15	46584787	T	G	0.4228	0.0125	0.0017	6.9e-13	690093	0.0128956	0.00170219	3.56592e-14
rs12443621	16	52548037	A	G	0.5332	-0.0096	0.0017	3.2e-08	688078	-0.0116557	0.00172374	1.36229e-11
rs12446632	16	19935389	A	G	0.1424	-0.0352	0.0024	2.9e-50	788565	-0.0335256	0.00244759	1.05213e-42
rs12448257	16	3599655	A	G	0.218	0.0184	0.002	8.1e-20	779628	0.0221537	0.00210334	6.10817e-26
rs12448738	16	56489343	A	C	0.8629	-0.0168	0.0025	2.8e-11	691932	-0.014963	0.00253105	3.38416e-09
rs12453418	17	31747629	A	G	0.6525	-0.0096	0.0018	1.4e-07	688156	-0.0108932	0.00181238	1.85057e-09
rs12458	8	11617240	A	T	0.6872	0.0015	0.0019	0.43	635629	-0.0252426	0.00208645	1.07783e-33
rs12479233	2	228891702	A	T	0.4874	-0.0121	0.0017	1.6e-12	692419	-0.0100289	0.00171873	5.37657e-09
rs12480713	20	15801600	T	C	0.5637	0.007	0.0018	9.7e-05	663785	0.0129356	0.00199369	8.6833e-11
rs12488237	3	56114861	T	C	0.94773	-0.0235	0.0036	4.5e-11	787551	-0.0233262	0.00360579	9.85839e-11
rs12514473	5	80818639	T	C	0.7687	0.0167	0.002	8.8e-17	692548	0.01621	0.00202163	1.07201e-15
rs12564992	1	174478100	A	G	0.8856	-0.0196	0.0026	5.3e-14	795119	-0.0383988	0.00363592	4.51994e-26
rs12574668	11	46422686	A	C	0.1785	0.0132	0.0023	8.8e-09	691639	0.0351398	0.00359059	1.28526e-22
rs12575252	11	8694073	C	G	0.351	-0.0182	0.0017	1.8e-26	781365	-0.0157093	0.00191102	2.02836e-16
rs12577642	11	43728534	A	T	0.686	-0.0213	0.0018	9.9e-31	692353	-0.0215128	0.00180861	1.26198e-32
rs12587412	14	47272423	T	G	0.4896	0.0146	0.0017	4.8e-17	688484	0.0112757	0.00181662	5.40259e-10
rs12593036	15	81058652	A	G	0.7007	0.0154	0.0019	3.8e-16	686055	0.0155665	0.00197458	3.1853e-15
rs12595158	15	62316035	T	C	0.02362	-0.0394	0.0054	1.9e-13	775095	-0.0399284	0.00540792	1.54389e-13
rs12595749	15	79432359	A	G	0.5714	0.0141	0.0017	5.7e-16	692290	0.0149986	0.00170598	1.4718e-18
rs12602912	17	65870073	T	C	0.2048	0.0176	0.0021	9.9e-18	777510	0.0182348	0.00210598	4.77727e-18
rs12609744	19	12994140	T	C	0.6931	-0.0126	0.0019	3.6e-11	691253	-0.0133717	0.00199381	1.99225e-11
rs12615778	2	102436738	A	G	0.6942	0.0104	0.0019	3.9e-08	684324	0.0125944	0.00199425	2.69567e-10
rs12625413	20	62380542	T	C	0.6551	-0.0079	0.0018	2e-05	682052	-0.0111738	0.0018594	1.86282e-09
rs12631248	3	50080174	C	G	0.92236	-0.0253	0.003	3e-17	793598	-0.0456882	0.00363577	3.23523e-36
rs12637576	3	49237334	T	C	0.6172	0.0024	0.0018	0.19	637822	0.0273486	0.00366652	8.71884e-14
rs12638746	3	89331055	A	G	0.3416	-0.0092	0.0018	5.1e-07	681758	-0.025757	0.0032056	9.35796e-16
rs12655756	5	88858208	A	T	0.3697	0.0138	0.0018	1.9e-14	685091	0.0123751	0.00187553	4.16195e-11
rs12659802	5	152274478	A	G	0.7046	0.0089	0.0018	7.5e-07	794156	0.0149413	0.00201749	1.30303e-13
rs12666574	7	26526960	A	G	0.6505	0.0097	0.0018	1.4e-07	687105	0.0129831	0.00184992	2.24798e-12
rs1266922	6	51822297	A	G	0.6879	7e-04	0.0018	0.71	689761	-0.0157708	0.00230876	8.43969e-12
rs12675063	8	132879047	A	T	0.8869	-0.0156	0.0026	1.3e-09	789771	-0.0157325	0.00261366	1.75142e-09
rs12680842	8	95582606	A	G	0.6795	0.0133	0.0018	4.4e-14	782549	0.0114273	0.00182071	3.46782e-10
rs12682565	8	10626280	A	G	0.03748	0.0232	0.0046	4.7e-07	774114	0.0344419	0.00473169	3.36339e-13
rs12694021	2	206084372	A	C	0.4481	0.0106	0.0017	1e-09	690963	0.0102749	0.00174455	3.86947e-09
rs12705987	7	114349212	A	T	0.4036	0.0135	0.0017	9.5e-15	683609	0.0210573	0.00222717	3.23798e-21
rs12713433	2	61307982	T	C	0.7927	0.0088	0.0021	4e-05	692534	0.0147147	0.00229338	1.3977e-10
rs12731372	1	118852975	T	C	0.2322	0.0116	0.0019	1.2e-09	791320	0.0121436	0.0019019	1.71405e-10
rs12776880	10	19776828	A	T	0.6828	0.0128	0.0019	3e-11	676100	0.0116501	0.00192243	1.36018e-09
rs1285245	17	77796889	C	G	0.3669	-0.0121	0.0018	1.7e-11	687342	-0.0118774	0.00180036	4.18868e-11
rs12885454	14	29736838	A	C	0.3431	-0.0185	0.0017	2.4e-27	793069	-0.0149843	0.00183159	2.81474e-16
rs12888545	14	88308044	A	G	0.7481	-0.0136	0.002	9.1e-12	688605	-0.0171289	0.00210276	3.76464e-16
rs12902742	15	83647483	A	T	0.0908	0.0142	0.0031	4.5e-06	690557	0.0210868	0.00325693	9.51619e-11
rs12920590	16	67420603	T	C	0.6483	-0.0029	0.0019	0.12	688182	0.0376142	0.0032116	1.10649e-31
rs12922346	16	82438337	C	G	0.2657	0.0136	0.002	1e-11	679615	0.0120923	0.00201707	2.03531e-09
rs12939549	17	78611724	A	G	0.5665	0.018	0.0016	2.7e-28	793950	0.0163134	0.00162436	9.86802e-24
rs1296328	4	137083193	A	C	0.4343	0.0179	0.0018	4.9e-24	683488	0.0148698	0.00194685	2.20797e-14
rs12964689	18	21116998	A	G	0.5176	0.0203	0.0017	5.1e-32	692097	0.0228385	0.00176128	1.88346e-38
rs12991989	2	199169278	C	G	0.5189	0.0035	0.0017	0.045	684760	0.0110951	0.00183891	1.60445e-09
rs13021737	2	632348	A	G	0.1681	-0.0574	0.0021	7.5e-157	789534	-0.0596398	0.00241224	5.93123e-135
rs13041173	20	32542814	A	G	0.6586	-0.0107	0.0018	5e-09	689601	-0.0561343	0.00449446	8.50076e-36
rs13045538	20	33595525	T	C	0.95983	-0.0088	0.0052	0.087	560410	-0.0664615	0.00658256	5.71864e-24
rs13047416	21	40309436	C	G	0.6231	0.0154	0.0018	2.2e-17	683228	0.0117001	0.00188805	5.75696e-10
rs13072095	3	193639623	T	C	0.6656	0.0095	0.0017	3e-08	795578	0.0104097	0.00173474	1.96427e-09
rs13085472	3	171129859	T	C	0.3479	0.0098	0.0018	8.8e-08	687974	0.0109858	0.00181008	1.28519e-09
rs13095652	3	51243837	T	C	0.4375	-0.0085	0.0018	1.3e-06	675642	-0.0133434	0.00207932	1.38786e-10
rs13107325	4	103188709	T	C	0.07373	0.047	0.0032	1.1e-47	792045	0.0448919	0.00333344	2.44104e-41
rs13110266	4	162129844	A	G	0.4065	-0.0117	0.0017	1.9e-12	791087	-0.0114011	0.00175633	8.50216e-11
rs13163306	5	136571959	A	G	0.4745	-0.0094	0.0017	5.4e-08	690998	-0.0108068	0.00180023	1.93703e-09
rs13174863	5	139080745	A	G	0.8452	-0.0192	0.0023	2.9e-16	773762	-0.019725	0.00237531	1.00538e-16
rs13175892	5	87866793	T	C	0.97609	-0.0215	0.0054	6.2e-05	663251	0.0997947	0.00751119	2.78614e-40
rs13191362	6	163033350	A	G	0.8802	0.0236	0.0025	5.9e-21	792699	0.0206451	0.0026515	6.90641e-15
rs13201877	6	137675541	A	G	0.8601	-0.0152	0.0024	2.7e-10	790570	-0.01461	0.00243022	1.83471e-09
rs13203153	6	97374850	A	G	0.1863	-0.012	0.0022	6.1e-08	689935	-0.0155687	0.00226068	5.70921e-12
rs13203286	6	49837540	T	G	0.05969	-0.005	0.0038	0.19	688204	0.03341	0.0043072	8.71116e-15
rs13207082	6	27251379	A	G	0.91587	-0.0118	0.0028	2.9e-05	691981	-0.101227	0.00611127	1.26755e-61
rs1320903	3	131758077	A	G	0.3174	0.0216	0.0018	9.2e-32	691519	0.015953	0.00220587	4.75739e-13
rs13209753	6	86354442	A	G	0.9389	-0.0182	0.0036	6e-07	665813	-0.0221262	0.00366319	1.53979e-09
rs13209872	6	97753223	C	G	0.3403	-0.0152	0.0018	1.4e-16	686531	-0.0127202	0.00185046	6.23881e-12
rs13209968	6	126089285	C	G	0.5177	0.0114	0.0017	3.1e-11	692069	0.0118658	0.001703	3.2246e-12
rs13227433	7	74094721	T	G	0.7438	-0.0156	0.002	1.4e-14	663356	-0.0145301	0.00207197	2.33773e-12
rs13227658	7	113353254	T	C	0.5534	-0.0157	0.0017	1.7e-19	688960	-0.0206121	0.00184844	7.07238e-29
rs1323068	4	20263058	A	G	0.3207	-0.0114	0.0018	6.9e-10	691801	-0.0129792	0.00193203	1.84355e-11
rs13240600	7	99064466	A	G	0.8448	0.0204	0.0024	3.5e-17	692233	0.0215226	0.00246459	2.48622e-18
rs1324110	6	93913200	C	G	0.4391	-0.0103	0.0017	6.8e-10	786661	-0.0114516	0.00175798	7.31446e-11
rs13247665	7	93232057	T	C	0.6407	-0.0139	0.0018	1.4e-14	690623	-0.0119885	0.00185056	9.27785e-11
rs13263601	8	14095900	A	C	0.6522	-0.0154	0.0018	2.2e-17	686196	-0.0120838	0.00184006	5.13058e-11
rs13290794	9	37183628	A	G	0.3582	-0.0141	0.0018	1.9e-15	688742	-0.0129533	0.00185819	3.14916e-12
rs13292976	9	129467340	T	C	0.4458	0.0131	0.0017	3.1e-14	692152	0.0108443	0.00180148	1.74754e-09
rs13321566	3	107342662	A	G	0.8159	-0.0135	0.0023	4.7e-09	691569	-0.0154818	0.00233083	3.09089e-11
rs13329567	15	68104367	T	C	0.2308	-0.0293	0.002	1e-50	793953	-0.035443	0.00225182	8.08292e-56
rs1333423	13	59425111	A	T	0.2253	0.0168	0.002	2.1e-16	689377	0.0148366	0.00222129	2.40161e-11
rs13417156	2	62848319	T	C	0.5639	-0.0144	0.0017	2.6e-17	741230	-0.0134561	0.00173349	8.33453e-15
rs13432055	2	56603985	T	C	0.7141	-0.0117	0.0018	8.9e-11	790223	-0.0133311	0.00182102	2.46734e-13
rs1345148	4	30843533	T	C	0.6034	-0.0111	0.0017	2.5e-10	691590	-0.0100717	0.00173783	6.80948e-09
rs1358808	6	51825285	C	G	0.6735	-0.0142	0.0018	9.2e-15	689176	-0.0304582	0.00220762	2.6628e-43
rs1362910	8	30856464	A	G	0.4185	0.0121	0.0017	1.2e-12	744652	0.0153723	0.00185872	1.33528e-16
rs1365466	18	36182440	T	C	0.7406	-0.0137	0.0019	3.3e-13	791868	-0.0145831	0.00191821	2.9061e-14
rs1371108	2	81816251	A	C	0.3247	0.0119	0.0018	9e-11	684620	0.0156756	0.00188813	1.02212e-16
rs1375561	3	85658230	T	C	0.6536	0.0173	0.0017	3.1e-24	782697	0.01307	0.00198348	4.41456e-11
rs1394	8	9511654	A	G	0.6404	-0.0154	0.0017	2.8e-19	783284	-0.0487995	0.00233379	4.34438e-97
rs1399054	8	9785503	A	G	0.7993	-0.0101	0.0022	2.8e-06	690605	0.0218317	0.00272959	1.26318e-15
rs1403846	4	119101723	T	C	0.8278	0.0116	0.0021	6.4e-08	787537	0.0120918	0.00210316	8.95801e-09
rs1405348	8	77228222	A	G	0.4324	-0.0204	0.0017	6.2e-32	692448	-0.0134713	0.00196239	6.66143e-12
rs1412235	9	28410996	C	G	0.3175	0.0246	0.0017	6e-45	790147	0.0325015	0.00213478	2.42296e-52
rs1423627	5	87125578	T	C	0.7788	0.0059	0.0021	0.0063	678355	-0.0641633	0.00375377	1.67293e-65
rs1431659	8	73439070	A	G	0.2656	0.0196	0.0019	6e-24	689739	0.0204214	0.00191433	1.44305e-26
rs143384	20	34025756	A	G	0.5893	-7e-04	0.0017	0.69	794371	0.015262	0.00204979	9.65034e-14
rs1436343	3	104606130	A	G	0.4078	-0.0141	0.0017	7.3e-16	692012	-0.0122954	0.00175353	2.35265e-12
rs1437929	2	211983316	A	G	0.2878	0.0135	0.0019	9.9e-13	690871	0.0118875	0.00194598	1.00417e-09
rs1451533	2	105466005	A	G	0.273	0.0167	0.0019	1e-17	680795	0.0143974	0.00199089	4.77242e-13
rs1452075	3	62481063	T	C	0.7277	0.0141	0.0018	1.3e-14	783729	0.0142963	0.00182093	4.12357e-15
rs1452134	11	86133416	T	C	0.5423	-0.0091	0.0017	1.6e-07	690523	-0.0101932	0.00173189	3.96532e-09
rs1454148	3	176341188	T	C	0.2668	0.0106	0.0019	4.6e-08	691136	0.0115258	0.00191124	1.63441e-09
rs1454687	3	94038085	C	G	0.4773	0.0202	0.0017	5.2e-32	692324	0.0196917	0.00170695	8.66275e-31
rs1455137	4	145986668	A	C	0.6197	-0.0106	0.0017	4.4e-10	792826	-0.010973	0.00179833	1.04913e-09
rs1473579	11	48901553	A	G	0.4122	-0.0026	0.0017	0.13	689453	-0.0858145	0.0046803	4.33017e-75
rs1475774	6	35619554	A	G	0.02251	0.0257	0.0058	9.8e-06	669802	0.0751229	0.00738433	2.60949e-24
rs1477887	4	18514827	A	G	0.4567	-0.0138	0.0017	2e-15	679023	-0.012833	0.00176918	4.05705e-13
rs1492767	4	55221467	T	C	0.4957	0.0094	0.0016	1e-08	794161	0.00966297	0.00160368	1.68602e-09
rs1498139	18	51478026	A	C	0.7274	0.0105	0.002	8.5e-08	688263	0.0131199	0.00209353	3.6834e-10
rs1503139	6	54724405	A	G	0.3457	-0.0059	0.0018	0.0013	692581	-0.0134142	0.00205672	6.93204e-11
rs150353	15	89928189	T	G	0.5556	-0.0095	0.0018	6.4e-08	681804	-0.0112407	0.00182777	7.75046e-10
rs1512065	20	53453326	A	G	0.2371	0.0138	0.0021	5.7e-11	670731	0.0144734	0.00210846	6.67444e-12
rs1522569	4	171632637	T	G	0.8181	0.0164	0.0022	2.9e-13	689573	0.0148024	0.0022174	2.46303e-11
rs1544459	7	77417584	T	C	0.5464	-0.0103	0.0016	2.2e-10	795359	-0.0103861	0.00161694	1.33364e-10
rs1549293	16	31141993	T	C	0.3596	-0.0204	0.0017	7.6e-33	793130	-0.0174855	0.0018539	4.03338e-21
rs1552717	11	29158495	A	T	0.8652	0.0149	0.0025	3.5e-09	692333	0.017533	0.00261514	2.0221e-11
rs1554193	3	8138801	A	T	0.4711	-0.0103	0.0017	4.4e-09	686046	-0.0104625	0.00170847	9.13265e-10
rs1558236	12	111780998	C	G	0.97281	-0.0079	0.0053	0.14	697362	0.0559521	0.00722789	9.85265e-15
rs156151	6	104799007	C	G	0.1912	-0.0165	0.0021	1.9e-14	692282	-0.0145964	0.0021564	1.29801e-11
rs1564981	16	50986308	A	G	0.4575	0.0087	0.0016	1e-07	793125	0.0112787	0.00169357	2.74368e-11
rs159032	5	94206202	T	C	0.2439	0.0129	0.002	1.9e-10	682583	0.012286	0.00204781	1.97812e-09
rs1593304	7	131619847	A	G	0.1993	0.0126	0.0022	1.3e-08	669507	0.0128447	0.00222348	7.61059e-09
rs1594830	8	26334167	C	G	0.7882	-0.0112	0.0021	1.4e-07	691520	-0.0124924	0.00212043	3.82788e-09
rs1600136	3	136979939	A	C	0.806	-0.0081	0.0021	0.00011	783350	-0.0320481	0.00295254	1.90019e-27
rs160401	5	138061341	T	C	0.6951	0.0062	0.0019	0.0011	688395	0.0213873	0.00296972	5.94354e-13
rs1608445	18	947954	A	G	0.435	-0.0104	0.0018	3.7e-09	683383	-0.0104058	0.00180319	7.89179e-09
rs1625427	11	131957293	T	C	0.6504	0.013	0.0018	1.4e-12	676334	0.0134088	0.00180403	1.06399e-13
rs1650586	5	157516393	T	G	0.0977	0.0134	0.0028	1.3e-06	786730	0.0179569	0.00291555	7.32041e-10
rs1657930	15	57120989	A	G	0.8028	-0.0123	0.0022	1.6e-08	684138	-0.017318	0.0024436	1.36983e-12
rs1658820	8	4288577	T	G	0.2468	0.0141	0.0021	5.9e-12	669427	0.0145914	0.00210753	4.40724e-12
rs1668633	13	78371890	T	C	0.5738	0.01	0.0017	8.7e-09	688791	0.0109346	0.00170948	1.59002e-10
rs16823670	3	115071668	A	G	0.97188	0.0261	0.0052	4.4e-07	678580	0.0309002	0.00522246	3.28303e-09
rs16828086	2	151198990	C	G	0.617	0.0103	0.0018	1e-08	675913	0.010557	0.00181069	5.5293e-09
rs16851483	3	141275436	T	G	0.06928	0.0369	0.0035	3.2e-26	692316	0.0339275	0.00390982	4.04561e-18
rs16906845	8	138215228	A	G	0.06683	-0.0225	0.0038	2.2e-09	692124	-0.023202	0.00381069	1.13858e-09
rs16907751	8	81375457	T	C	0.1047	-0.0209	0.003	1.6e-12	776010	-0.0201223	0.00304413	3.83773e-11
rs16932761	8	67202787	A	G	0.2542	-0.014	0.002	1.7e-12	685108	-0.0138538	0.00200294	4.62177e-12
rs16951319	15	68103632	T	C	0.1344	-0.007	0.0025	0.0057	692100	-0.0165225	0.00270949	1.07389e-09
rs16952479	16	53770578	A	T	0.94615	-0.0153	0.0041	2e-04	657783	-0.0356703	0.00451305	2.70518e-15
rs16965062	18	31581247	T	C	0.4303	0.009	0.0017	2.6e-07	689125	0.00986218	0.00171088	8.19529e-09
rs16966801	17	39573713	A	G	0.7984	-0.0156	0.0022	1.1e-12	692286	-0.0142959	0.00223692	1.64914e-10
rs1700137	8	89461609	T	C	0.3121	-0.0121	0.0019	2.5e-10	682364	-0.013394	0.00190658	2.13801e-12
rs17014375	1	209543560	T	G	0.8652	-0.0172	0.0025	1.1e-11	690856	-0.0161544	0.00250767	1.17921e-10
rs17035438	2	46878616	A	G	0.09384	0.0199	0.003	3.3e-11	683944	0.0190988	0.00316331	1.56414e-09
rs17056301	5	158271680	T	C	0.7364	-0.0118	0.002	2.4e-09	688085	-0.0173138	0.00214271	6.45927e-16
rs17069831	8	4137396	T	C	0.2795	-0.0109	0.0019	2.1e-08	675848	-0.0125051	0.00199188	3.428e-10
rs17080319	3	48732480	T	C	0.8794	0.0109	0.0026	3.1e-05	692606	0.056936	0.00390596	3.95153e-48
rs17091470	20	32606299	T	G	0.92546	0.0015	0.0033	0.64	692573	-0.0511735	0.00499087	1.14212e-24
rs17094222	10	102395440	T	C	0.7961	-0.0181	0.002	2.2e-19	791705	-0.0274971	0.00265804	4.41621e-25
rs17096549	12	38529333	A	G	0.97597	0.0205	0.0052	7.5e-05	768355	0.0533242	0.00633238	3.73665e-17
rs17096552	14	98626578	A	G	0.1359	-0.0145	0.0025	1.1e-08	691190	-0.0203358	0.00290454	2.53438e-12
rs17105272	14	77529783	T	C	0.3186	0.011	0.0019	3.2e-09	681028	0.0114331	0.00191165	2.22132e-09
rs1712517	10	105033015	T	C	0.4683	-0.0028	0.0017	0.11	692564	-0.0117971	0.00187773	3.32796e-10
rs17197116	11	46520302	T	C	0.91446	-0.0052	0.003	0.083	795300	0.034835	0.00482355	5.1285e-13
rs17199978	3	136056184	A	G	0.9026	0.0025	0.0029	0.39	692337	0.0216845	0.00326421	3.07136e-11
rs17203016	2	208255518	A	G	0.804	-0.015	0.002	2.1e-13	786272	-0.0121548	0.00204339	2.70838e-09
rs17207196	7	75101065	T	C	0.4118	-0.0221	0.0018	2.1e-35	668894	-0.0184025	0.00199645	3.03735e-20
rs17238110	15	62150364	A	G	0.8366	0.0353	0.005	2e-12	775505	0.0351709	0.00500095	2.0236e-12
rs17285919	5	86908920	T	C	0.1262	4e-04	0.0026	0.88	679214	0.120321	0.00638689	3.63293e-79
rs17302346	1	174983543	T	C	0.97644	-0.0201	0.0065	0.0021	632182	-0.0414302	0.00704923	4.17082e-09
rs1730859	1	107617707	A	G	0.6584	-0.0118	0.0017	1.1e-11	788691	-0.0111533	0.00170676	6.37045e-11
rs17327461	2	35512183	T	C	0.4498	0.0125	0.0016	1.5e-14	792231	0.0119178	0.00163001	2.64188e-13
rs17351791	9	83263089	A	C	0.6348	0.0097	0.0018	7.2e-08	690594	0.0108746	0.00181769	2.19507e-09
rs17391694	1	78623626	T	C	0.1189	0.0317	0.0025	7.5e-38	767720	0.0293414	0.00262267	4.68845e-29
rs174415	5	95933162	A	T	0.5253	-2e-04	0.0017	0.91	677816	0.0129331	0.00217007	2.52584e-09
rs17446091	8	27167942	T	C	0.7926	-0.0123	0.002	1.8e-09	793600	-0.0122227	0.00207586	3.90821e-09
rs17448682	1	15966713	T	C	0.2372	0.0099	0.002	1.1e-06	690680	0.0130819	0.00207858	3.10028e-10
rs17522122	14	33302882	T	G	0.4812	0.0159	0.0017	1.5e-21	774342	0.0163621	0.00170151	6.8271e-22
rs17525725	5	167293652	A	G	0.454	-0.0083	0.0017	2.3e-06	679540	-0.010209	0.00177485	8.8175e-09
rs17531363	1	107977075	A	C	0.6967	0.0133	0.0019	2e-12	687883	0.0126989	0.00199157	1.81415e-10
rs17538472	4	163038241	T	C	0.1908	0.0129	0.0022	4.2e-09	675963	0.012885	0.00220721	5.2932e-09
rs17542466	6	35614744	A	G	0.7715	0.0053	0.002	0.0092	687582	-0.0404634	0.00369646	6.90303e-28
rs17551974	2	142293146	A	C	0.1782	-0.0141	0.0022	1.9e-10	691115	-0.0127283	0.0022134	8.89459e-09
rs17591778	5	86420392	A	G	0.2333	0.0075	0.0021	3e-04	685869	0.0147741	0.00225105	5.26562e-11
rs17608150	12	110046698	T	C	0.07536	0.0196	0.0031	1.3e-10	791472	0.0192524	0.00328514	4.61594e-09
rs17636031	10	126594078	T	C	0.7299	-0.016	0.0019	1.2e-17	782807	-0.0169085	0.00206548	2.69494e-16
rs17681451	3	114399296	A	G	0.08384	-0.0197	0.0031	3.5e-10	692317	-0.0268404	0.00341877	4.13092e-15
rs17681708	17	9792872	T	C	0.6877	-0.0106	0.0018	7.2e-09	692361	-0.0103758	0.00180284	8.65208e-09
rs17724992	19	18454825	A	G	0.7404	0.0183	0.0019	1e-22	785851	0.0180032	0.00194283	1.92439e-20
rs17739298	6	27293049	C	G	0.8948	0.0101	0.0028	0.00036	692334	0.0351002	0.00324987	3.42373e-27
rs17757975	6	38214150	T	C	0.8518	0.0143	0.0024	4.2e-09	690716	0.0159606	0.00247523	1.13249e-10
rs17795934	16	51926509	T	C	0.2977	-0.0087	0.0018	1.1e-06	794950	-0.0113982	0.00182443	4.17013e-10
rs17806379	20	51107290	T	C	0.1789	-0.0258	0.0022	1.5e-30	690043	-0.0247626	0.00228374	2.1529e-27
rs17820822	9	11831420	T	G	0.6446	0.0143	0.0018	2.9e-15	690065	0.0112739	0.00188225	2.10335e-09
rs1782507	11	30243868	T	G	0.6532	-0.0135	0.0018	1.3e-13	692310	-0.0129601	0.0020457	2.36874e-10
rs1787267	18	76742544	C	G	0.06268	-0.0237	0.0036	3.4e-11	692092	-0.0240504	0.00361169	2.75616e-11
rs1789165	11	69481969	A	G	0.6389	0.0138	0.0017	8e-16	775128	0.0125083	0.00173115	4.99394e-13
rs1791253	18	37103550	T	G	0.06279	0.0187	0.0037	3e-07	684367	0.0220597	0.00372275	3.11085e-09
rs1814170	7	138794149	A	T	0.8946	0.0203	0.0029	2.1e-12	686628	0.0206626	0.00290064	1.05254e-12
rs181732	3	136744386	T	G	0.4198	-0.0019	0.0017	0.28	686436	-0.0301023	0.00281513	1.0971e-26
rs1819844	12	68205604	A	G	0.1797	0.0143	0.0021	2.6e-11	793238	0.014084	0.00210982	2.46482e-11
rs1852006	7	77829768	A	G	0.3519	-0.0156	0.0018	4.9e-18	692290	-0.0133478	0.00211498	2.77094e-10
rs1853639	6	87606842	A	G	0.6363	-0.0111	0.0018	1.2e-09	673714	-0.012085	0.00181465	2.74369e-11
rs1862451	16	24803620	A	G	0.7312	0.0137	0.0019	1.9e-12	691653	0.0155938	0.00195876	1.70606e-15
rs1865341	9	8845911	T	C	0.758	0.0128	0.002	2.5e-10	688863	0.0130318	0.00201523	1.00195e-10
rs186543	5	86754835	C	G	0.5646	-0.008	0.0018	5.5e-06	682722	-0.0348936	0.00229568	3.55129e-52
rs1866510	4	44514468	T	C	0.3498	-0.0105	0.0018	8.1e-09	691901	-0.0108106	0.00181071	2.36775e-09
rs1884389	20	1410582	T	C	0.4289	-0.0103	0.0017	4e-09	683669	-0.0108721	0.0017044	1.78437e-10
rs1884897	20	6612832	A	G	0.3692	-0.0194	0.0017	1.3e-30	789534	-0.019113	0.0017027	3.07094e-29
rs1899689	7	121964349	T	C	0.3986	0.0117	0.0016	1.5e-12	794654	0.0120996	0.00161217	6.1369e-14
rs1899951	3	12394840	T	C	0.1314	0.017	0.0024	3.1e-12	795281	0.0154874	0.00246955	3.57934e-10
rs1903579	4	91253956	C	G	0.5502	0.0111	0.0017	1.1e-10	690564	0.0124835	0.00171726	3.61041e-13
rs1909586	3	124687767	T	G	0.5975	-0.0106	0.0018	4.8e-09	676854	-0.0110512	0.0018079	9.79232e-10
rs1927790	13	96922191	T	C	0.5891	-0.0148	0.0016	1.8e-19	794326	-0.0126524	0.0016558	2.15136e-14
rs1928295	9	120378483	T	C	0.5539	0.0141	0.0016	5.4e-18	793649	0.0151756	0.00163934	2.09919e-20
rs1937684	10	53680085	A	T	0.6592	0.0112	0.0018	8.7e-10	690063	0.0111568	0.00180296	6.09023e-10
rs1941697	18	31251276	A	G	0.4538	0.0123	0.0017	1.2e-12	692446	0.0136835	0.00172294	1.9903e-15
rs1942866	18	57741783	C	G	0.6236	-0.031	0.0017	2e-75	781260	0.0187332	0.00308998	1.33953e-09
rs1943477	11	56973793	T	C	0.05823	-0.0198	0.0035	1.4e-08	793263	-0.0223449	0.00356658	3.72631e-10
rs1951455	14	91512339	T	C	0.2747	-0.0145	0.0019	4.5e-14	690040	-0.01361	0.00190456	8.93136e-13
rs1956151	14	40101060	A	G	0.8213	-0.013	0.0022	7.3e-09	692204	-0.0156409	0.00227515	6.21278e-12
rs1973993	1	96943994	T	C	0.4096	-0.0208	0.0017	4.7e-33	692549	-0.0203881	0.0017884	4.17264e-30
rs1982441	8	28021769	T	G	0.1381	0.0175	0.0026	7e-12	687705	0.0154727	0.00266197	6.15557e-09
rs1983864	10	100017453	T	G	0.6674	0.0158	0.0018	3.7e-18	692553	0.0119385	0.00189191	2.78521e-10
rs2000746	18	57677294	A	G	0.7337	0.0181	0.002	7e-19	675837	0.0153251	0.00210747	3.54772e-13
rs2003616	14	79903993	T	G	0.2878	0.0046	0.0019	0.018	684693	0.0125319	0.0020458	9.02933e-10
rs200968	6	27859568	T	C	0.8361	-0.0025	0.0021	0.23	795566	0.0790327	0.00501413	5.6819e-56
rs2010281	14	103862322	A	G	0.3552	-0.0161	0.0017	6.7e-21	794009	-0.0108656	0.00188649	8.42863e-09
rs2012927	18	63297672	A	G	0.3348	0.0129	0.0017	7.4e-14	792270	0.0105663	0.00176988	2.37185e-09
rs2030342	1	97388226	T	C	0.5749	0.0143	0.0017	1.9e-16	686857	0.0168911	0.00183925	4.16517e-20
rs2033529	6	40348653	A	G	0.7064	-0.0205	0.0018	1.9e-30	792112	-0.0146927	0.00224203	5.62871e-11
rs2047632	3	37153431	C	G	0.97258	-0.0253	0.0052	1.3e-06	688132	-0.0379147	0.00594705	1.82514e-10
rs2075205	16	54153099	A	T	0.5866	0.0111	0.0017	1.8e-10	691296	0.0130529	0.00171171	2.42771e-14
rs2075650	19	45395619	A	G	0.8606	0.0244	0.0023	1.5e-25	779741	0.0224315	0.00231776	3.73557e-22
rs208015	17	46252346	T	C	0.0784	0.0356	0.0034	1.4e-25	691575	0.0310706	0.0035355	1.52001e-18
rs2080454	16	49062590	A	C	0.6211	-0.0129	0.0017	1.7e-14	784784	-0.0111598	0.00181158	7.26363e-10
rs2098618	5	87934851	A	T	0.0708	-0.0102	0.0034	0.0026	657277	0.0500097	0.00422276	2.34246e-32
rs2100814	8	28118130	A	G	0.4103	0.0113	0.0017	1.2e-10	683658	0.0115945	0.00174685	3.19374e-11
rs2122042	3	85866335	T	G	0.2056	0.0235	0.002	2.3e-31	793383	0.0242004	0.00227455	1.94863e-26
rs2124499	3	123093541	C	G	0.3718	-0.0123	0.0017	3.4e-13	785955	-0.0126231	0.00170459	1.30814e-13
rs2140418	6	34975415	T	C	0.1996	0.0107	0.0022	1.9e-06	631778	-0.0428737	0.00340595	2.46148e-36
rs2143253	20	41987392	A	G	0.1189	-0.0188	0.0026	1.1e-12	684760	-0.0189046	0.00260502	3.95779e-13
rs2154297	1	80791708	T	C	0.7121	-0.0115	0.0019	1.2e-09	690841	-0.0111264	0.00191234	5.9483e-09
rs215632	7	32368524	A	G	0.3618	0.0152	0.0018	3.7e-17	684437	0.0115206	0.00196185	4.29754e-09
rs2160077	14	92428410	A	G	0.4294	0.0093	0.0016	1.6e-08	795067	0.0120925	0.00169864	1.08738e-12
rs2163188	10	65314711	C	G	0.474	0.0131	0.0017	2e-14	686502	0.0105483	0.00177377	2.73381e-09
rs2170382	8	74689288	T	C	0.1203	0.0172	0.0027	2.4e-10	690485	0.0168437	0.00271016	5.13189e-10
rs2174307	9	73791849	C	G	0.4067	0.0121	0.0017	4.9e-12	686559	0.0114295	0.00172169	3.16828e-11
rs217671	14	62360464	A	G	0.7281	-0.0144	0.0019	1.3e-13	691456	-0.0126074	0.00191483	4.57761e-11
rs2185027	6	153381622	A	C	0.7032	-0.0135	0.0018	5e-14	791606	-0.0131912	0.00180407	2.6334e-13
rs2190788	5	144484261	T	G	0.3106	0.0141	0.0019	2.9e-14	683650	0.0181165	0.00202235	3.30289e-19
rs2192158	4	55505360	A	G	0.4601	0.0129	0.0017	8.3e-14	690727	0.0149684	0.00174947	1.16868e-17
rs2194385	2	50865334	A	C	0.4788	0.0091	0.0017	1.3e-07	684190	0.0101386	0.00172854	4.47905e-09
rs2228213	6	12124855	A	G	0.3481	-0.0139	0.0017	4.6e-16	795595	-0.0140189	0.00170283	1.82971e-16
rs2229616	18	58039276	T	C	0.02017	-0.106	0.0059	4.7e-71	760183	-0.124812	0.00646211	4.05929e-83
rs223051	11	32131303	T	C	0.6759	0.0112	0.0018	1.1e-09	689456	0.0105062	0.0018285	9.15017e-09
rs2230590	3	49936102	T	C	0.4925	-0.0239	0.0017	4.1e-44	692189	-0.0562475	0.00229598	1.5432e-132
rs2230929	3	49343175	A	G	0.1689	-0.0048	0.0023	0.042	637221	0.0474198	0.00341072	6.05958e-44
rs2236950	3	50420554	A	C	0.1846	-0.0077	0.0022	0.00062	692366	-0.0189685	0.00269124	1.81224e-12
rs2240108	12	48180508	T	C	0.1508	-0.0127	0.0025	3.1e-07	684395	-0.015895	0.00264588	1.8843e-09
rs2252300	6	51096424	A	T	0.2076	-0.0052	0.0021	0.013	772366	0.0222903	0.00264877	3.91738e-17
rs2275426	1	46487552	A	G	0.4338	0.0104	0.0016	2e-10	795468	0.0157208	0.00197224	1.57379e-15
rs2282231	1	39569571	T	C	0.2249	0.0165	0.0021	4.8e-15	689443	0.0133642	0.00213439	3.81569e-10
rs2283093	7	126721231	T	C	0.2066	0.0127	0.0021	3.1e-09	691773	0.0125609	0.00212613	3.46607e-09
rs2293605	3	184044433	T	C	0.1307	-0.0167	0.0027	3.6e-10	668940	-0.0163502	0.00277353	3.74463e-09
rs2295896	6	50566383	A	G	0.7602	-0.0021	0.0019	0.27	793034	-0.0148949	0.00251604	3.21982e-09
rs2304130	19	19789528	A	G	0.9147	0.0176	0.003	2.9e-09	783847	0.0213517	0.00354509	1.71319e-09
rs2304607	5	87988733	A	G	0.852	-0.032	0.0025	1.7e-36	684918	-0.0493451	0.00282918	3.9951e-68
rs2307022	16	68381978	A	G	0.3344	0.0135	0.0017	5.5e-15	795159	0.051323	0.00331734	5.43277e-54
rs2307111	5	75003678	T	C	0.6038	0.0265	0.0016	1.6e-58	795430	0.0217969	0.00173927	4.97592e-36
rs2356865	1	50836334	T	C	0.295	-0.0114	0.0019	1.6e-09	691741	-0.0121717	0.00196985	6.45053e-10
rs2357760	6	120213880	A	G	0.6754	0.0145	0.0017	6.8e-17	791053	0.0106744	0.00180756	3.51729e-09
rs2365389	3	61236462	T	C	0.4143	-0.0174	0.0017	1.3e-25	783625	-0.013221	0.00193386	8.11163e-12
rs2367112	5	64168193	T	G	0.5081	0.0119	0.0016	2.3e-13	794305	0.0115291	0.00172191	2.14924e-11
rs2386802	20	25971327	A	C	0.6679	-0.004	0.0018	0.03	688877	-0.0254219	0.00294391	5.84991e-18
rs2397061	6	51638877	T	C	0.8849	-0.0094	0.0027	0.00053	688481	-0.0386352	0.00374698	6.28309e-25
rs2409730	8	11060638	A	C	0.3704	-0.0093	0.0017	6e-08	788962	0.105859	0.00383704	1.5156e-167
rs2412107	14	65426216	T	G	0.2078	0.0112	0.0021	1.3e-07	686465	0.0135545	0.00213408	2.13314e-10
rs2425241	20	35018412	T	C	0.06741	-0.0197	0.0033	2.7e-09	689885	-0.0243236	0.00353049	5.59489e-12
rs2425857	20	44914134	A	G	0.4409	0.0116	0.0017	2.8e-11	690825	0.0137708	0.00171914	1.14442e-15
rs2429150	12	2152655	A	C	0.5836	-0.0111	0.0018	2.7e-10	686276	-0.0124915	0.00182689	8.05496e-12
rs2440885	11	70563286	A	G	0.5328	0.0091	0.0017	1.2e-07	689699	0.0123563	0.00186669	3.60716e-11
rs2459359	15	76863838	C	G	0.94832	0.0092	0.0039	0.018	677935	0.0658057	0.00606513	1.99762e-27
rs2467110	12	23067302	T	C	0.2699	-0.0099	0.002	4.2e-07	684290	-0.0141255	0.00220036	1.3662e-10
rs2479958	13	111984244	A	G	0.4925	0.0154	0.0018	1.5e-17	664268	0.0130146	0.00184678	1.82522e-12
rs248139	5	167352783	A	G	0.1933	0.0133	0.0022	1.2e-09	683675	0.0159524	0.00230717	4.7024e-12
rs2481665	1	62594677	T	C	0.5592	0.0161	0.0016	7.2e-23	795247	0.0151946	0.00165447	4.15622e-20
rs2491864	1	242986063	A	G	0.215	0.0137	0.0021	7.3e-11	690625	0.0133088	0.00212038	3.45974e-10
rs2504674	6	51160682	C	G	0.4336	-0.0112	0.0017	1.2e-10	690877	-0.0145975	0.00186742	5.41243e-15
rs2516739	16	2097158	A	G	0.2171	-0.0159	0.0021	1.4e-14	761216	-0.0128718	0.00224255	9.47971e-09
rs2534760	16	6509009	A	T	0.7057	-0.0099	0.0019	2.8e-07	677641	-0.0144124	0.0020808	4.31855e-12
rs2537847	17	65694355	A	G	0.2443	-0.0107	0.002	1.6e-07	689643	-0.0118912	0.00201159	3.39351e-09
rs2543132	8	15536311	C	G	0.8134	0.0146	0.0022	5e-11	688326	0.0174621	0.00226213	1.16975e-14
rs254428	5	141777439	T	G	0.5797	0.0081	0.0017	1.5e-06	774996	0.0102063	0.00173731	4.23431e-09
rs25832	5	66175682	A	G	0.732	0.0118	0.0019	9.2e-10	692083	0.0148337	0.00201881	2.01567e-13
rs2590942	1	72885281	T	G	0.8165	0.0293	0.002	1.2e-46	793971	0.0207362	0.00221512	7.885e-21
rs2593280	15	76150965	A	G	0.852	0.0105	0.0024	1.7e-05	688016	0.0153658	0.00252404	1.14475e-09
rs2605603	11	93221105	A	G	0.4887	-0.0103	0.0016	2.5e-10	790857	-0.0101561	0.00160563	2.52753e-10
rs2611742	5	95856501	T	C	0.5961	-0.0152	0.0017	3.7e-18	691646	-0.0193801	0.00214611	1.71161e-19
rs2612203	11	54914689	A	G	0.03455	0.0155	0.0051	0.0023	515871	0.0397803	0.00543057	2.38464e-13
rs2619976	17	71754545	T	C	0.4132	0.0104	0.0018	6.3e-09	684417	0.0106556	0.0018143	4.27641e-09
rs262956	3	183486117	T	G	0.3472	0.0125	0.0018	6.1e-12	686884	0.0108902	0.00189012	8.32912e-09
rs2631681	10	93032943	T	C	0.3252	-0.0113	0.0017	8.9e-11	789736	-0.0106175	0.0017044	4.68066e-10
rs2634047	8	85696337	C	G	0.2422	-0.0149	0.002	2.5e-13	683222	-0.0134964	0.00204053	3.73667e-11
rs2635727	6	50820940	T	C	0.2541	-0.028	0.0019	1.3e-49	792938	-0.0506273	0.00339248	2.32227e-50
rs2653365	6	55169801	T	C	0.8324	-0.0119	0.0023	2.7e-07	689811	-0.0177019	0.00284155	4.67401e-10
rs2680648	3	53777176	T	C	0.765	0.016	0.002	3.8e-15	686125	0.0143952	0.0020699	3.5378e-12
rs2710323	3	52815905	T	C	0.5196	-0.0141	0.0016	4.8e-18	790805	-0.0153283	0.0017078	2.82095e-19
rs2721965	8	116662038	A	C	0.6665	0.0171	0.0018	1.1e-20	690170	0.0142947	0.00187558	2.50765e-14
rs2724861	2	471514	A	G	0.5645	-0.0092	0.0017	3.4e-08	780412	-0.0153224	0.00207831	1.67394e-13
rs2731222	12	90595383	A	C	0.2703	0.0131	0.0019	1.5e-11	690932	0.011989	0.00191712	4.00914e-10
rs2733287	12	41880909	A	C	0.5171	-0.0157	0.0017	6.8e-20	681730	-0.0161911	0.00172225	5.39854e-21
rs273504	19	18215247	A	G	0.5734	-0.0153	0.0018	4.4e-18	690672	-0.0131342	0.00180677	3.61053e-13
rs273697	18	23178748	A	G	0.4779	-0.0098	0.0017	1.5e-08	683992	-0.0106973	0.00171114	4.0629e-10
rs2768950	4	49064487	A	G	0.2507	0.0116	0.0019	7.5e-10	754826	0.0116	0.00190005	1.02725e-09
rs2781668	6	131897278	T	C	0.1612	0.0169	0.0023	4e-13	678717	0.0193925	0.00233424	9.74546e-17
rs2814992	6	34617144	A	G	0.6599	-0.0245	0.0017	4.1e-45	794002	-0.0518856	0.0031571	1.08203e-60
rs2820311	1	201841476	A	G	0.6631	-0.0235	0.0018	4.1e-38	691876	-0.017995	0.00224292	1.03187e-15
rs28350	3	42418446	A	G	0.193	0.0177	0.0022	3.5e-15	686689	0.0138973	0.00238968	6.04346e-09
rs2836961	21	40627020	A	C	0.6165	-0.0102	0.0017	1.1e-09	793481	-0.0120814	0.00177593	1.02551e-11
rs2838006	21	42653567	T	C	0.3617	-0.0126	0.0018	5.4e-12	686586	-0.0126923	0.00181073	2.39134e-12
rs284227	1	82379446	T	C	0.7448	-0.0147	0.0019	3.5e-15	792227	-0.0152088	0.0019029	1.32264e-15
rs2842385	6	19078274	A	G	0.8019	-0.012	0.0022	3.4e-08	689031	-0.0152441	0.00225	1.24269e-11
rs2850969	4	102183594	T	C	0.8573	-0.0165	0.0024	1.3e-11	691825	-0.0144358	0.00241178	2.15693e-09
rs2863981	16	68295598	A	G	0.4095	0.0077	0.0017	3.4e-06	794282	-0.0414198	0.0035327	9.52432e-32
rs2866816	19	30683879	T	C	0.7393	0.0129	0.002	5.6e-11	688980	0.0123925	0.00210724	4.08049e-09
rs2875762	6	124925032	C	G	0.2473	0.0139	0.002	1.2e-11	685199	0.0123604	0.00204007	1.37145e-09
rs2890652	2	142959931	T	C	0.8241	-0.017	0.0023	2.5e-13	674785	-0.0169346	0.00230277	1.92328e-13
rs2902021	2	67825685	T	C	0.194	0.0136	0.0031	7.9e-06	677609	0.023164	0.00354673	6.53027e-11
rs293566	20	31097877	T	C	0.6531	-0.0022	0.0018	0.22	691126	-0.0161799	0.00241569	2.11507e-11
rs2974255	2	516696	A	G	0.2285	0.0092	0.002	4e-06	778107	0.0236673	0.00258459	5.33271e-20
rs29938	19	34311481	T	C	0.3275	-0.015	0.0017	6.7e-18	788372	-0.0132519	0.00176996	7.03995e-14
rs310618	20	62127121	T	C	0.6712	-0.0108	0.0018	5.5e-09	709614	-0.0119302	0.0018143	4.84413e-11
rs3134353	8	101947453	A	T	0.3868	-0.0125	0.0018	2.5e-12	679869	-0.0119825	0.00180675	3.31e-11
rs3134438	11	122765667	A	C	0.2855	0.0113	0.0019	6.1e-09	685121	0.0121182	0.00190935	2.19897e-10
rs316611	15	41751678	T	C	0.255	0.0104	0.002	3.1e-07	677116	0.0126566	0.00210155	1.71752e-09
rs326889	4	112713436	T	C	0.3928	-0.0129	0.0018	2.4e-13	688030	-0.0123518	0.00186101	3.19835e-11
rs329124	5	133865452	A	G	0.5767	0.0131	0.0017	5.3e-14	690757	0.0133001	0.00171549	8.98125e-15
rs329277	7	35080931	T	G	0.5211	-0.0099	0.0017	1.1e-08	686149	-0.00987347	0.00170006	6.33287e-09
rs329651	11	133767622	T	G	0.8055	0.0164	0.0021	9e-15	779232	0.017379	0.00221889	4.79101e-15
rs331949	4	143663206	T	C	0.6266	-0.011	0.0017	1e-10	787844	-0.0123816	0.00181296	8.52054e-12
rs340025	15	60908307	T	C	0.4276	-0.0124	0.0017	1e-13	786830	-0.0121403	0.00170204	9.83373e-13
rs346722	1	45620134	T	C	0.1153	-0.0027	0.0029	0.33	521901	0.0250523	0.00384168	6.975e-11
rs355777	3	154034950	C	G	0.4106	0.0153	0.0017	1.4e-18	689978	0.0131294	0.00181575	4.79917e-13
rs368863	5	77372852	T	C	0.2393	-0.0117	0.002	8.1e-09	683807	-0.0145763	0.00214623	1.109e-11
rs3731544	3	48207997	A	C	0.07127	0.0214	0.0031	7.5e-12	776530	0.0353523	0.00334996	4.91723e-26
rs3734572	6	28059458	T	C	0.95405	-0.0166	0.004	3.8e-05	786251	-0.0307953	0.00425937	4.82919e-13
rs3736485	15	51748610	A	G	0.4557	0.0134	0.0016	2.5e-16	790404	0.0116134	0.0016328	1.13907e-12
rs3739555	9	129940416	T	G	0.8071	0.011	0.0021	2.1e-07	794521	0.0137187	0.0023801	8.21748e-09
rs3739733	9	88897891	A	G	0.7803	0.0132	0.0021	5.3e-10	637547	0.0129884	0.00210097	6.3254e-10
rs3746429	20	33703607	T	C	0.1734	0.011	0.0023	2.3e-06	692582	0.066624	0.00463082	6.23545e-47
rs3751813	16	53818708	T	G	0.541	0.0603	0.0016	2.2e-295	781755	0.0175206	0.00252964	4.32607e-12
rs3753549	1	243722892	T	C	0.8563	-0.0203	0.0025	1.7e-15	691062	-0.0228536	0.00257477	6.93267e-19
rs3762396	1	19510394	A	G	0.3846	0.0073	0.0017	1.1e-05	795206	0.0109933	0.00190955	8.56253e-09
rs3768486	1	110123971	A	G	0.8235	-0.0096	0.0021	5.7e-06	793120	-0.0124606	0.00214466	6.24605e-09
rs3772934	3	115417865	T	C	0.2826	0.0103	0.0019	1e-07	674038	0.0110056	0.0019048	7.56795e-09
rs3781099	10	27318776	T	C	0.08203	0.021	0.0031	2.5e-11	692416	0.0203748	0.00313494	8.07102e-11
rs3794702	16	3730613	A	T	0.1957	0.0038	0.0022	0.083	675189	0.0137476	0.00235329	5.16233e-09
rs3800229	6	108996963	T	G	0.7123	0.0175	0.0018	1.4e-22	792474	0.0153502	0.00192422	1.49461e-15
rs3800649	7	137424509	A	G	0.277	0.0122	0.0019	3.2e-10	686803	0.0110836	0.00191457	7.078e-09
rs3802924	11	133827733	A	C	0.7995	0.0085	0.0022	9.8e-05	670918	0.0137848	0.00225082	9.10631e-10
rs3803286	14	103246470	A	G	0.3431	0.0181	0.0018	4.1e-23	691435	0.016781	0.00181162	1.988e-20
rs3807049	6	35512955	T	C	0.2736	-0.0035	0.0019	0.071	685765	0.0399068	0.00334214	7.27987e-33
rs3807566	7	50564204	T	G	0.443	-0.0127	0.0017	2e-13	687535	-0.0121904	0.00173825	2.33205e-12
rs3808434	8	116559435	A	G	0.4475	0.011	0.0016	1.3e-11	794701	0.0104908	0.00160533	6.36224e-11
rs3809272	12	111800258	A	G	0.284	0.0062	0.002	0.0018	570125	0.0201148	0.00234431	9.46305e-18
rs3810291	19	47569003	A	G	0.6703	0.0274	0.0018	2.1e-52	763296	0.0294375	0.00207525	1.13367e-45
rs3814883	16	29994922	T	C	0.4764	0.0232	0.0017	1.1e-40	685519	0.0233713	0.00170088	5.78877e-43
rs3819299	6	31322367	T	G	0.90657	0.0187	0.0035	1.4e-07	758228	0.021314	0.00352061	1.41251e-09
rs3821841	3	52084040	T	C	0.08016	-0.0157	0.0033	1.6e-06	669848	-0.022538	0.00337556	2.44214e-11
rs3822683	5	96080883	A	G	0.7813	0.0145	0.0021	6.1e-12	684509	0.0124725	0.00214375	5.95355e-09
rs3826705	19	42637232	T	C	0.8794	-0.0157	0.0027	6.6e-09	690844	-0.0157	0.00270007	6.07529e-09
rs3829849	9	129390800	T	C	0.3589	0.0098	0.0017	5.9e-09	793851	0.0120045	0.00175467	7.83878e-12
rs3844598	5	140992235	A	G	0.479	-0.0095	0.0017	3.8e-08	690704	-0.0119522	0.00181546	4.59289e-11
rs3849570	3	81792112	A	C	0.3414	0.0132	0.0017	3.3e-14	750266	0.0159733	0.00180376	8.32846e-19
rs3850422	14	99671788	A	G	0.446	-0.0114	0.0016	3.7e-12	782650	-0.0111745	0.00160775	3.64218e-12
rs3851083	10	33862727	A	G	0.4325	-0.0102	0.0016	4.1e-10	793679	-0.00929411	0.00161918	9.46767e-09
rs3887080	12	121661966	A	G	0.1214	0.0181	0.0026	5.1e-12	690624	0.0179927	0.00273046	4.40967e-11
rs3902840	9	129419025	A	G	0.08589	0.0222	0.003	3.2e-13	683761	0.0253511	0.00317608	1.44143e-15
rs3902951	14	69789755	T	G	0.7545	-0.0134	0.002	7e-12	773819	-0.012043	0.00203665	3.35658e-09
rs3915844	3	9514856	A	G	0.1428	0.0152	0.0025	2.2e-09	692229	0.0196913	0.00271068	3.7488e-13
rs3922853	2	5830599	A	C	0.1728	0.0123	0.0023	1.2e-07	635146	0.0143668	0.00234489	8.96396e-10
rs39654	3	173095123	A	G	0.4453	-0.0145	0.0017	6.5e-17	687774	-0.0154386	0.00170897	1.65693e-19
rs40067	5	107439012	A	G	0.1713	-0.0266	0.0023	7.1e-30	681695	-0.023023	0.00234495	9.40935e-23
rs40245	7	21470536	A	T	0.3591	0.011	0.0018	1.9e-09	681704	0.0116826	0.00180295	9.18926e-11
rs403656	15	76755506	A	G	0.8503	0.0094	0.0024	1e-04	686605	0.0719945	0.00560352	8.81617e-38
rs4076358	8	144910239	A	G	0.6211	0.0092	0.0017	6.5e-08	787955	0.0104277	0.00172727	1.56932e-09
rs4077093	12	51593616	T	G	0.217	0.0128	0.0022	5.1e-09	620584	0.0131401	0.00223748	4.28634e-09
rs411717	7	94033031	T	C	0.4401	-0.0069	0.0017	8.4e-05	691713	-0.0105842	0.00176186	1.88515e-09
rs4148155	4	89054667	A	G	0.8873	0.0188	0.0026	5e-13	794889	0.018891	0.00264269	8.78069e-13
rs419261	6	33554147	T	C	0.4042	0.0106	0.0017	1.9e-10	792747	0.0100614	0.00175176	9.26973e-09
rs4273371	3	108119071	T	C	0.5016	-0.0115	0.0016	1.2e-12	794363	-0.0112119	0.0016759	2.23079e-11
rs4278019	6	53693410	A	T	0.2815	0.0112	0.0019	5e-09	691914	0.0114276	0.00197327	6.9883e-09
rs427943	21	46570896	A	C	0.4331	-0.017	0.0017	7.3e-23	712095	-0.0165994	0.00178085	1.1523e-20
rs4284600	15	31843528	T	C	0.5288	-0.0118	0.0017	1.3e-11	682852	-0.0100005	0.00172808	7.16318e-09
rs4303732	2	100830040	T	C	0.6026	0.0144	0.0017	2.2e-16	691017	0.013721	0.00183673	7.99856e-14
rs4307239	7	24354300	A	G	0.5422	-0.0115	0.0017	3.9e-11	687289	-0.0106161	0.00174882	1.27589e-09
rs4339513	6	57964315	T	C	0.90283	-0.0015	0.0032	0.64	528869	0.0448752	0.00512475	2.0127e-18
rs4342060	3	137215820	T	C	0.8089	-0.0051	0.0022	0.02	685895	-0.0197086	0.00255014	1.08893e-14
rs4366093	8	20639811	T	C	0.3202	-0.0121	0.0018	6.7e-11	688025	-0.0108879	0.00184957	3.93907e-09
rs4372296	1	98320492	A	C	0.7714	-0.0133	0.002	7.6e-11	691179	-0.0191426	0.00215032	5.47516e-19
rs4372836	2	28973883	T	C	0.3034	0.0142	0.0018	7.3e-16	794417	0.0149703	0.00183802	3.79944e-16
rs4383818	6	50756951	T	G	0.7949	0.0088	0.0021	2.2e-05	789791	0.0246757	0.00381816	1.0285e-10
rs450231	9	101481205	A	G	0.7534	-0.0127	0.002	2.1e-10	692346	-0.014184	0.00202671	2.58676e-12
rs4515655	9	128616073	T	C	0.4007	-0.0072	0.0018	4.2e-05	690151	-0.0113274	0.00185437	1.00576e-09
rs4516268	17	1846831	A	C	0.1925	-0.0217	0.0021	5.2e-25	786617	-0.018959	0.00213578	6.87764e-19
rs4518345	5	27185904	A	G	0.2842	-0.0117	0.0019	1e-09	688609	-0.0118587	0.0019008	4.41056e-10
rs4524456	4	6492739	A	G	0.5237	-0.0086	0.0017	6e-07	688219	-0.0105588	0.00177616	2.76931e-09
rs453520	2	147907202	T	C	0.5834	-0.015	0.0017	7e-18	689483	-0.0154157	0.00171974	3.13197e-19
rs4542429	11	56446833	T	C	0.4839	-0.0064	0.0019	0.00079	507039	-0.0285581	0.00278351	1.07015e-24
rs4624596	3	119571541	T	C	0.8149	0.0136	0.0023	2.2e-09	691079	0.0139716	0.00233219	2.08846e-09
rs4639527	2	416815	A	G	0.6988	-0.0172	0.0019	3.3e-20	691706	-0.0161169	0.00204966	3.74363e-15
rs4643949	5	138372345	T	C	0.3665	-1e-04	0.0019	0.94	528920	0.0223773	0.00308103	3.78776e-13
rs4653017	1	33776728	T	C	0.6818	0.0122	0.0018	4.5e-11	686378	0.0107249	0.00181187	3.23466e-09
rs4670626	2	37046657	T	C	0.3572	-0.0113	0.0018	4.9e-10	681157	-0.0119794	0.00183464	6.59668e-11
rs4671328	2	58935282	T	G	0.4467	0.0219	0.0017	2.2e-36	679487	0.0176232	0.00197707	4.93169e-19
rs4671358	2	60164634	A	T	0.5961	0.0101	0.0017	6.7e-09	688514	0.0146089	0.00195995	9.07716e-14
rs4673553	2	211608379	T	G	0.5438	-0.0142	0.0017	2.1e-16	686078	-0.0129602	0.0017253	5.83087e-14
rs4676084	2	110010962	A	G	0.4101	0.0098	0.0017	1.8e-08	685747	0.0107303	0.00173287	5.93234e-10
rs4678297	3	136907111	T	C	0.3003	0.0043	0.0019	0.024	680675	0.0243004	0.00273867	7.11552e-19
rs4718966	7	70040558	T	C	0.4183	0.0127	0.0018	4.6e-13	686820	0.0118538	0.00187104	2.36696e-10
rs4722398	7	3125220	T	C	0.1336	0.0158	0.0025	3.6e-10	692509	0.0182394	0.00257977	1.54732e-12
rs4722672	7	27231762	T	C	0.8151	-0.0151	0.0021	1.8e-12	784309	-0.0127034	0.0021323	2.55932e-09
rs4725984	7	150668514	T	C	0.359	-0.0128	0.0017	1.4e-13	784486	-0.0124884	0.00173821	6.73745e-13
rs4737183	8	64720693	A	G	0.5295	0.0112	0.0017	1.1e-10	685737	0.0115124	0.00174709	4.41407e-11
rs4740383	9	133783566	A	G	0.416	0.0126	0.0018	1.9e-12	662683	0.0118409	0.00185085	1.57894e-10
rs4744275	9	96482633	A	G	0.266	0.0144	0.0018	7e-15	793296	0.0114279	0.00188937	1.46181e-09
rs4759073	12	54653258	A	G	0.4005	-0.0116	0.0017	2.8e-11	692071	-0.0115512	0.00170309	1.18139e-11
rs4759228	12	56508409	C	G	0.2971	-0.0157	0.0019	5.9e-16	672778	-0.0144977	0.00191565	3.78946e-14
rs4764949	12	103658096	A	G	0.6643	0.0184	0.0018	1.7e-23	691560	0.0192978	0.00189446	2.27898e-24
rs4766710	12	114437708	A	G	0.9358	0.0229	0.0035	3.7e-11	691939	0.0228034	0.00355198	1.36346e-10
rs4783241	16	82650384	C	G	0.4938	-0.0108	0.0017	4e-10	689741	-0.0105223	0.001723	1.0154e-09
rs4796243	17	35057883	A	G	0.3029	-0.0124	0.0019	6.1e-11	691686	-0.0125316	0.00190214	4.45369e-11
rs4814512	20	16564210	A	C	0.782	0.0133	0.0021	2.3e-10	692559	0.0156248	0.00213397	2.44374e-13
rs4820408	22	40604945	T	G	0.408	0.0151	0.0017	2.1e-19	794185	0.019638	0.00191263	9.86739e-25
rs483752	9	27612918	T	C	0.7415	0.0121	0.0022	3.7e-08	515509	0.0133153	0.00220283	1.49735e-09
rs4841659	8	11828200	T	C	0.4785	0.0149	0.0017	9.2e-18	687488	0.11809	0.00375474	4.06441e-217
rs4854326	2	603088	A	G	0.7127	-0.0019	0.0019	0.31	691927	0.020081	0.00210984	1.76908e-21
rs4858193	3	20441050	T	C	0.7221	0.0129	0.0019	1.6e-11	686850	0.0124658	0.00190988	6.70792e-11
rs4864201	4	130731284	T	C	0.3531	0.0141	0.0017	1.5e-16	795263	0.0127624	0.00171164	8.90254e-14
rs487060	6	160774459	T	C	0.4816	0.011	0.0016	1.6e-11	789650	0.0105518	0.00162149	7.64135e-11
rs4886506	15	77207277	T	G	0.6953	-8e-04	0.0019	0.68	691538	0.0398831	0.00395613	6.68108e-24
rs4886869	15	77799657	A	G	0.3952	-0.01	0.0018	2.9e-08	678149	-0.0290075	0.00241306	2.75464e-33
rs4889782	17	78640510	T	C	0.6025	-0.015	0.0018	6.6e-17	684598	-0.0121843	0.00182409	2.39518e-11
rs4906908	15	27040082	T	G	0.4747	-0.0103	0.0017	2.5e-09	691345	-0.0102792	0.00170053	1.49701e-09
rs4916661	5	87932809	T	G	0.3623	-0.0034	0.0018	0.063	688639	-0.0255836	0.00219053	1.62813e-31
rs4936175	11	132641959	T	C	0.5555	-0.0122	0.0017	1.4e-12	692569	-0.012955	0.00170527	3.02945e-14
rs4936671	11	121942512	C	G	0.3672	0.0105	0.0018	6.2e-09	678888	0.0120462	0.00183311	4.98216e-11
rs4939051	11	56206141	C	G	0.7893	-0.0014	0.0023	0.55	527251	0.0664778	0.0057828	1.38508e-30
rs4969387	17	79081724	C	G	0.7463	-0.0145	0.002	4.3e-13	678051	-0.0172057	0.00216319	1.80783e-15
rs497417	8	9790041	A	T	0.7855	-0.0052	0.0021	0.015	691046	0.0727709	0.00313084	1.66596e-119
rs4981693	14	29680331	A	G	0.771	0.0206	0.002	6.9e-24	689120	0.0160996	0.0021707	1.20011e-13
rs498240	6	31892592	A	G	0.0656	-0.0267	0.0033	1.6e-15	679278	-0.0245723	0.0035184	2.87038e-12
rs4985155	16	15129459	A	G	0.6631	0.012	0.0017	3e-12	794269	0.0119648	0.00185173	1.03746e-10
rs4986044	17	21261560	T	C	0.4687	-0.0164	0.0016	3.3e-23	787219	-0.0158732	0.00160821	5.61224e-23
rs524281	11	65886662	A	C	0.7585	-0.0093	0.0019	1.8e-06	777942	-0.0145533	0.0020455	1.12088e-12
rs5396	3	170744815	T	C	0.7235	-0.0154	0.0018	3e-17	785408	-0.0151928	0.00181773	6.37272e-17
rs543874	1	177889480	A	G	0.8048	-0.0475	0.002	1.2e-122	795504	-0.0474975	0.00207221	2.86043e-116
rs551137	11	55323307	T	C	0.2563	0.0041	0.0021	0.057	529265	0.0596459	0.00501204	1.17603e-32
rs555267	18	40992698	T	G	0.33	0.0126	0.0017	6e-13	788140	0.0112095	0.00184084	1.13381e-09
rs559267	20	54157497	A	G	0.6642	-0.0115	0.0017	3e-11	794315	-0.012523	0.00170894	2.33674e-13
rs573455	11	117267884	A	G	0.453	-0.0093	0.0016	1.6e-08	795095	-0.0116857	0.00168065	3.57389e-12
rs5750913	22	40640285	A	G	0.7535	-0.0012	0.0019	0.51	794052	-0.0125906	0.00217471	7.05749e-09
rs577525	10	99769388	T	C	0.4324	-0.0166	0.0017	9.7e-22	690616	-0.0132497	0.00178527	1.15667e-13
rs580438	3	13345450	T	C	0.3319	0.0114	0.0018	6.5e-10	684407	0.0118113	0.00180304	5.72335e-11
rs587230	11	69299771	A	G	0.165	0.0149	0.0023	4.7e-11	775267	0.0179808	0.00242628	1.25498e-13
rs6011457	20	61530915	A	T	0.4975	-0.0116	0.0017	2.7e-11	690692	-0.0116888	0.00170175	6.47994e-12
rs6019482	20	47495560	T	C	0.1654	-0.0178	0.0023	2.8e-14	685234	-0.0184792	0.00234246	3.05175e-15
rs6058635	20	30891925	C	G	0.4345	-8e-04	0.0017	0.66	690979	0.0266837	0.00306429	3.09405e-18
rs6060151	20	33594226	T	G	0.6323	0.0029	0.0018	0.096	692591	-0.061885	0.00429383	4.31417e-47
rs6061162	20	29893501	T	C	0.91341	0.0081	0.003	0.0074	691901	0.0497661	0.00531479	7.69803e-21
rs6076348	20	25401827	A	G	0.6915	-0.0012	0.0019	0.51	690971	-0.02262	0.002959	2.09774e-14
rs6088529	20	33170752	A	C	0.342	0.001	0.0018	0.6	688940	0.0488298	0.00363575	4.00906e-41
rs6088943	20	34420023	A	T	0.93896	0.011	0.0037	0.0028	686064	0.0253785	0.00385143	4.41703e-11
rs6121381	20	30785593	A	T	0.8469	-0.0147	0.0024	9.4e-10	691119	-0.0256119	0.00283711	1.75709e-19
rs6132918	20	26073030	T	C	0.8227	-0.0106	0.0023	6e-06	665013	-0.0231391	0.00292922	2.80217e-15
rs6138482	20	25059442	T	C	0.1974	0.0147	0.002	5.8e-13	795349	0.019862	0.00224435	8.76824e-19
rs6142096	20	32686658	A	G	0.5278	0.0137	0.0017	1.8e-15	690983	0.0196393	0.00290306	1.33266e-11
rs621042	12	18789007	A	C	0.451	-0.0107	0.0017	6.3e-10	689121	-0.0109375	0.00170968	1.58072e-10
rs6235	5	95728898	C	G	0.7298	-0.0175	0.0019	1.5e-19	691708	-0.0141106	0.002003	1.85809e-12
rs6265	11	27679916	T	C	0.1951	-0.0412	0.0021	1e-86	795458	-0.0355965	0.00224752	1.69864e-56
rs629443	13	76386075	T	G	0.2501	0.0116	0.0019	1.4e-09	790044	0.0111157	0.00190455	5.33532e-09
rs6442021	3	46742019	T	C	0.3964	-0.009	0.0017	8.5e-08	777197	-0.0110317	0.00172761	1.70829e-10
rs6442101	3	48130893	T	C	0.6817	-0.0117	0.0017	2.5e-11	795233	-0.019375	0.00178054	1.41149e-27
rs6443750	3	181329682	T	C	0.1932	-0.0148	0.0021	3.2e-12	776837	-0.0131405	0.00211164	4.88153e-10
rs6448587	4	28561990	A	C	0.8109	0.0167	0.0023	2.3e-13	691097	0.0151092	0.00236852	1.78041e-10
rs6449531	5	60712212	A	G	0.3537	-0.0127	0.0018	2.1e-12	691940	-0.0155494	0.00190067	2.8146e-16
rs6459326	6	58060143	C	G	0.1727	8e-04	0.0026	0.76	611474	-0.0219483	0.00381663	8.8869e-09
rs6461115	7	2103668	A	G	0.7715	0.0144	0.0019	1.2e-13	791735	0.0145593	0.00192115	3.49808e-14
rs6463489	7	5542513	T	C	0.1087	0.0157	0.0026	3.1e-09	791893	0.015289	0.00261932	5.3148e-09
rs6474945	9	15670492	T	G	0.4498	-0.0186	0.0016	4.7e-30	786471	-0.0170634	0.00163851	2.14158e-25
rs6477694	9	111932342	T	C	0.6441	-0.0123	0.0017	3.8e-13	789230	-0.0122589	0.00177198	4.57337e-12
rs6490055	12	111768973	A	G	0.7671	-0.0072	0.002	4e-04	688822	-0.0529916	0.00403936	2.57023e-39
rs6494481	15	64849904	T	G	0.1194	0.012	0.0027	9.2e-06	692540	0.0221286	0.00325933	1.12657e-11
rs6495252	15	78117685	T	C	0.3831	0.0099	0.0018	2.8e-08	685875	0.0133903	0.00191648	2.81001e-12
rs651548	12	99560183	A	G	0.3677	0.0139	0.0018	2e-14	680904	0.012546	0.00199714	3.34293e-10
rs6545714	2	59307725	A	G	0.6139	-0.0191	0.0017	9.1e-31	793368	-0.0198818	0.00172009	6.68067e-31
rs6548221	2	295255	A	G	0.2246	0.0151	0.002	1.7e-14	795394	0.0153269	0.00202327	3.58192e-14
rs6551410	3	89442305	A	T	0.4194	0.0028	0.0018	0.12	668900	-0.0493158	0.00435388	9.66028e-30
rs6564360	16	76779612	A	G	0.8095	-0.0135	0.0022	1.2e-09	690911	-0.0130454	0.00222928	4.86168e-09
rs6569648	6	130349119	T	C	0.7726	-0.0126	0.0019	3.7e-11	795618	-0.0126636	0.00192213	4.44881e-11
rs6577584	1	6715390	T	G	0.6537	-0.0131	0.0018	3.7e-13	691824	-0.0119502	0.00181887	5.02794e-11
rs6580755	12	39159190	T	C	0.4326	-0.0015	0.0018	0.4	636095	-0.0326869	0.003833	1.49214e-17
rs6587552	1	151018861	A	G	0.2409	0.0173	0.002	1.6e-17	689723	0.0149532	0.00207963	6.46444e-13
rs6595205	5	119372533	C	G	0.4695	0.0114	0.0016	2e-12	794525	0.0115841	0.001621	8.91755e-13
rs6606686	12	110903380	C	G	0.6903	-0.0136	0.0018	7.6e-15	795209	-0.0143863	0.0018877	2.51573e-14
rs663129	18	57838401	A	G	0.2301	0.0545	0.0019	1.6e-178	788948	0.0327354	0.00276027	1.92151e-32
rs6681627	1	174126742	A	C	0.1524	0.0025	0.0025	0.3	664345	-0.0573622	0.00527962	1.69514e-27
rs6690764	1	92976590	A	G	0.7916	-0.0154	0.0022	6.3e-12	733760	-0.0154	0.00220008	2.56438e-12
rs6700816	1	174883994	A	T	0.96814	0.0345	0.0051	8.9e-12	686392	0.0327673	0.00517515	2.4252e-10
rs6700838	1	47700027	T	C	0.5959	-0.017	0.0017	2.5e-22	690255	-0.018779	0.00179904	1.65645e-25
rs6710871	2	143960593	A	G	0.1418	0.0179	0.0024	1e-13	741157	0.0156012	0.00242683	1.28741e-10
rs6711584	2	104421692	A	G	0.454	0.0128	0.0017	2.2e-13	680384	0.0194888	0.00195784	2.41674e-23
rs6713781	2	40291940	C	G	0.4136	-0.0123	0.0018	3.8e-12	674261	-0.0108406	0.00188587	9.01419e-09
rs6720868	2	230663576	T	C	0.3286	0.0155	0.0018	5.1e-17	691649	0.0142012	0.00183043	8.60289e-15
rs6738445	2	172599615	T	C	0.2836	-0.0133	0.0018	1.9e-13	787966	-0.0165847	0.00208869	2.01785e-15
rs6753170	2	58481863	T	C	0.3731	-0.0031	0.0018	0.084	683741	0.0136799	0.00211275	9.48473e-11
rs6764533	3	196088464	A	G	0.359	0.0116	0.0018	1.4e-10	690832	0.0110258	0.00180286	9.61267e-10
rs676749	20	3026069	A	T	0.502	-0.0104	0.0017	1.7e-09	691753	-0.0126083	0.00180423	2.78533e-12
rs6767619	3	156893782	C	G	0.345	0.0119	0.0018	8.1e-11	691865	0.0120945	0.00181065	2.39553e-11
rs6786125	3	28727523	C	G	0.8191	-0.012	0.0022	1.1e-07	689715	-0.015816	0.00234667	1.58655e-11
rs6786582	3	135898984	T	C	0.7255	-0.0159	0.0018	7.5e-18	791202	-0.0698431	0.00437113	1.81116e-57
rs6803870	3	89443784	T	C	0.1591	0.0084	0.0024	0.00032	701791	-0.033037	0.00409805	7.52807e-16
rs6804181	3	116937546	A	T	0.8213	0.0153	0.0023	5.5e-11	687538	0.0144426	0.00242158	2.45937e-09
rs6804842	3	25106437	A	G	0.428	-0.0156	0.0017	3.6e-21	789179	-0.0156957	0.00183862	1.38172e-17
rs6818414	4	16600664	T	C	0.508	-0.0097	0.0017	1.6e-08	685947	-0.0105094	0.0017141	8.72369e-10
rs6827083	4	153075491	A	G	0.5691	-0.0097	0.0016	4.8e-09	794577	-0.0124141	0.00177789	2.89977e-12
rs6843738	4	103936001	A	G	0.329	-0.0107	0.0017	7.2e-10	792315	-0.0113633	0.00170872	2.92733e-11
rs6877851	5	130356413	C	G	0.2345	-0.0125	0.002	8.8e-10	685857	-0.0127456	0.00200115	1.90086e-10
rs6879326	5	59208302	T	C	0.4953	-0.0098	0.0017	1.3e-08	690684	-0.0100196	0.00172097	5.81238e-09
rs6888159	5	63932234	C	G	0.6828	0.0114	0.0018	5.8e-10	691415	0.0142446	0.00187167	2.72807e-14
rs6900723	6	23876240	T	C	0.676	-0.0112	0.0018	1.4e-09	690104	-0.0121474	0.00181391	2.13029e-11
rs6904676	6	58705746	A	C	0.201	0.0078	0.0021	0.00023	677904	0.0465749	0.00431741	3.936e-27
rs6908295	6	27527205	A	C	0.7975	-0.0058	0.0025	0.022	593900	-0.0223165	0.00280313	1.70283e-15
rs6919443	6	104493098	A	G	0.4163	-0.0096	0.0017	4.3e-08	691422	-0.0100715	0.00175211	9.01862e-09
rs6921533	6	73742334	T	C	0.2882	0.0118	0.0019	5.6e-10	690769	0.0128937	0.00194113	3.08638e-11
rs6922214	6	69968484	A	G	0.8434	-0.0123	0.0024	3.8e-07	683298	-0.014792	0.00245251	1.62565e-09
rs6922855	6	51843542	A	G	0.532	4e-04	0.0017	0.81	685455	0.0195988	0.00239349	2.64808e-16
rs6938239	6	34683635	A	G	0.8504	-0.0271	0.0025	2.4e-28	691202	0.0292437	0.00383734	2.52024e-14
rs6963840	7	78144371	T	C	0.2111	0.0154	0.0024	3.4e-10	637209	0.0159235	0.00240196	3.37148e-11
rs696606	1	16828640	A	G	0.5237	0.0095	0.0018	1.1e-07	660690	0.0117067	0.00182916	1.55353e-10
rs6968554	7	17287106	A	G	0.3602	-0.01	0.0017	3.5e-09	794218	-0.0100417	0.00170475	3.8522e-09
rs7006629	8	87519542	T	C	0.5258	0.0109	0.0017	2.5e-10	691635	0.012324	0.00175706	2.31588e-12
rs7024334	9	109072075	T	G	0.2258	0.0138	0.002	3.1e-12	782431	0.0123844	0.0020224	9.14693e-10
rs7042372	9	6959840	A	G	0.6573	0.0122	0.0018	3.8e-11	681234	0.0127864	0.00183202	2.96483e-12
rs7083450	10	103984060	T	C	0.8388	0.0159	0.0023	1.7e-12	795609	0.0189692	0.00294735	1.22652e-10
rs7084454	10	21821274	A	G	0.335	0.0193	0.0019	4e-25	678564	0.019968	0.00190494	1.04257e-25
rs7102454	11	65594820	T	C	0.6565	-0.0158	0.0018	2.4e-18	691134	-0.0124841	0.00189187	4.14532e-11
rs710355	5	87159003	C	G	0.05478	-0.0068	0.0038	0.077	676206	-0.0265538	0.0039863	2.71475e-11
rs711347	4	52926216	A	T	0.7489	-0.0122	0.0019	4.5e-10	688432	-0.0121598	0.00196254	5.79403e-10
rs7117238	11	78040259	A	G	0.168	-0.0131	0.0022	2.5e-09	788879	-0.0143497	0.00224286	1.57471e-10
rs7120873	11	49459474	T	C	0.111	0.0172	0.0027	3.4e-10	691850	0.0540327	0.00373406	1.86902e-47
rs7122539	11	66662731	A	G	0.3424	-0.0065	0.0017	0.00016	795230	-0.0130092	0.00185436	2.29158e-12
rs7123876	11	72444583	T	C	0.754	-0.0119	0.0019	2.2e-10	793551	-0.0114096	0.00190988	2.31532e-09
rs7124442	11	27677041	T	C	0.6832	-0.0286	0.0017	4.6e-61	793435	-0.020547	0.00179622	2.66729e-30
rs7124681	11	47529947	A	C	0.4133	0.0263	0.0016	3.2e-58	795474	0.0411478	0.00207748	2.61265e-87
rs7131262	11	47836302	A	T	0.2605	-0.0216	0.0018	1e-32	787486	-0.0221353	0.00216862	1.84353e-24
rs7133378	12	124409502	A	G	0.3269	0.0125	0.0018	9.4e-13	784423	0.0108355	0.00184898	4.62226e-09
rs7134375	12	20473758	A	C	0.4335	0.0077	0.0016	3.1e-06	795589	0.0119611	0.00191879	4.55679e-10
rs7138803	12	50247468	A	G	0.3772	0.03	0.0017	2.3e-71	795588	0.0287046	0.00205898	3.55981e-44
rs7144011	14	79940383	T	G	0.2136	0.0282	0.002	5.2e-47	794117	0.0296626	0.00241632	1.21977e-34
rs7147503	14	101539384	T	C	0.3697	-0.0119	0.0018	2e-11	691094	-0.0122718	0.00180198	9.74881e-12
rs7164727	15	73093991	T	C	0.681	0.0182	0.0017	3.3e-25	791156	0.017499	0.00171758	2.23894e-24
rs7181498	15	95271404	T	C	0.3691	0.0163	0.0018	1e-19	690980	0.0154718	0.00181315	1.42444e-17
rs7181610	15	35826859	A	T	0.8585	0.0145	0.0025	7.8e-09	667503	0.0147591	0.00251107	4.16197e-09
rs7187776	16	28857645	A	G	0.5927	-0.0265	0.0016	1.4e-58	792563	-0.0268688	0.00160927	1.39499e-62
rs7195386	16	24578458	T	C	0.5014	0.0133	0.0017	1.1e-14	687736	0.0153429	0.0017704	4.46158e-18
rs719802	11	113234679	T	C	0.3803	0.0101	0.0018	9.5e-09	692544	0.0108923	0.00181003	1.76889e-09
rs7200919	16	67316600	A	G	0.4134	0.0095	0.0017	9.3e-09	793695	0.0545682	0.00370845	5.19837e-49
rs7206608	16	82872628	C	G	0.6854	-0.0132	0.0019	1.3e-12	689058	-0.0124947	0.00191401	6.66401e-11
rs7209235	17	73759552	A	G	0.695	-0.0111	0.0019	8e-09	683445	-0.0118157	0.00190313	5.34822e-10
rs7211567	17	31460899	T	C	0.2201	-0.0145	0.0021	4.5e-12	686595	-0.0154488	0.00212638	3.72248e-13
rs7217226	17	2136065	T	G	0.6404	-0.013	0.0017	2.6e-14	788202	-0.0112872	0.00175536	1.27487e-10
rs7239114	18	45921214	A	G	0.5403	0.0124	0.0017	1.2e-13	769496	0.0121383	0.00170559	1.10487e-12
rs7243357	18	56883319	T	G	0.8272	0.0194	0.0021	9.1e-20	791550	0.0211686	0.00212505	2.24659e-23
rs7313924	12	89899912	C	G	0.7138	0.0101	0.0018	3.5e-08	785448	0.0118347	0.00189872	4.57627e-10
rs7334078	13	99120484	T	C	0.7118	0.0121	0.0019	2.2e-10	688374	0.0129143	0.00193439	2.45311e-11
rs733594	8	85077686	T	C	0.718	0.0138	0.0018	5.9e-14	791828	0.0136268	0.00180719	4.68855e-14
rs7377083	4	102708997	A	C	0.4357	0.02	0.0018	1.4e-27	621633	0.0159141	0.00184493	6.36212e-18
rs740157	7	77055885	A	G	0.4322	0.0116	0.0016	1.8e-12	787152	0.0106179	0.001611	4.37258e-11
rs7425440	2	512490	T	C	0.1942	0.0104	0.0021	4.5e-07	793204	0.0214317	0.0025463	3.86968e-17
rs7444298	5	87730027	A	G	0.7539	0.0179	0.002	7.8e-19	691820	0.124411	0.00501094	4.47589e-136
rs7478904	11	48630323	T	C	0.1278	-0.0086	0.0026	0.00082	691367	-0.051661	0.00430943	4.11206e-33
rs753010	20	29857455	C	G	0.94913	-0.0093	0.0042	0.026	663295	-0.0437786	0.00593925	1.69264e-13
rs7531118	1	72837239	T	C	0.4604	-0.0256	0.0016	3.6e-54	781714	-0.0221066	0.00179062	5.13402e-35
rs7531656	1	49828663	A	G	0.3246	0.0195	0.0017	7.4e-29	794253	0.0193693	0.00175413	2.39351e-28
rs7535528	1	2444414	A	G	0.3741	-0.0152	0.0018	1.4e-16	632868	-0.0145557	0.00180163	6.52211e-16
rs7550711	1	110082886	T	C	0.03058	0.0649	0.005	3.2e-38	769184	0.0636463	0.0051298	2.38951e-35
rs7556169	1	8741401	A	G	0.3857	-0.0103	0.0018	5.4e-09	692527	-0.0119632	0.00182702	5.83387e-11
rs7557796	2	86766153	T	C	0.3476	0.016	0.0018	2.3e-19	692414	0.0175531	0.00184286	1.65144e-21
rs7560871	2	145616899	A	G	0.07332	0.0218	0.0034	9.6e-11	691571	0.0203055	0.00342415	3.0275e-09
rs7561278	2	48954905	T	C	0.786	0.0159	0.0021	5.7e-14	677253	0.0159619	0.00212517	5.87265e-14
rs7564679	2	204012790	A	G	0.4284	-0.0116	0.0016	1.3e-12	792149	-0.0119662	0.00164856	3.91065e-13
rs756717	16	72996162	A	G	0.3973	-0.0148	0.0017	5.4e-18	771976	-0.01498	0.00193017	8.4282e-15
rs757318	19	18820308	A	C	0.4805	-0.0185	0.0016	2.4e-29	792816	-0.015423	0.00182277	2.64389e-17
rs757608	17	59497277	A	G	0.3377	-0.0092	0.0017	1.2e-07	794314	-0.00999467	0.00172425	6.77001e-09
rs7598402	2	50735943	C	G	0.51	0.0122	0.0017	2.1e-12	673277	0.014543	0.00184256	2.95407e-15
rs7599312	2	213413231	A	G	0.2652	-0.0186	0.0019	6.9e-24	780823	-0.0178488	0.00196813	1.20182e-19
rs7600699	2	156018263	C	G	0.8421	-0.0149	0.0024	6.4e-10	691202	-0.0140538	0.00240893	5.41031e-09
rs7601895	2	55281901	C	G	0.7043	0.0149	0.0019	1.7e-15	679924	0.0174309	0.00214272	4.12187e-16
rs7607351	2	69562127	T	C	0.5807	0.0119	0.0017	8.4e-12	685674	0.0120807	0.00170123	1.23705e-12
rs7607369	2	219279097	A	G	0.4387	0.0117	0.0016	9.3e-13	790384	0.010994	0.00160629	7.68387e-12
rs7607490	2	12851120	A	G	0.1083	0.0148	0.0028	7.3e-08	690798	0.0178247	0.00287108	5.3537e-10
rs760880	6	27408181	T	G	0.6364	-0.0027	0.0017	0.1	795087	0.0332354	0.00262864	1.21386e-36
rs761423	1	17301672	T	C	0.55	0.0113	0.0017	5.5e-11	692545	0.0122672	0.00170823	6.90881e-13
rs7615297	3	156299313	C	G	0.8535	0.0149	0.0024	5.7e-10	689710	0.0142826	0.0024215	3.67356e-09
rs7616371	3	137047387	A	G	0.93154	-0.0022	0.0033	0.51	775912	-0.0213286	0.00371391	9.3068e-09
rs762147	21	39238610	A	G	0.2708	-0.0115	0.0019	3.3e-09	692496	-0.0122401	0.0019044	1.29944e-10
rs7640424	3	107820063	T	C	0.2969	-0.0136	0.0018	2.3e-14	790612	-0.0124957	0.00184894	1.39641e-11
rs765332	6	51874745	T	G	0.8893	-0.0118	0.0028	2.8e-05	753766	-0.024642	0.00330047	8.25411e-14
rs7674623	4	80794681	T	C	0.1976	0.0135	0.0022	5.7e-10	685776	0.0150413	0.00223985	1.87648e-11
rs7683836	4	180167906	A	G	0.5405	-0.0114	0.0017	6.3e-11	686968	-0.0115792	0.00170182	1.01749e-11
rs7692088	4	10491040	C	G	0.5245	0.0074	0.0017	1.8e-05	688149	0.0103444	0.00178095	6.30866e-09
rs7694732	4	115124089	A	G	0.5622	0.0099	0.0017	8.7e-09	690622	0.0114963	0.00176923	8.14477e-11
rs769674	4	140881964	A	T	0.6781	0.0135	0.0018	2.2e-13	685942	0.0119857	0.00182854	5.57075e-11
rs7702514	5	86727027	T	C	0.1731	-0.0016	0.0023	0.47	684516	-0.12426	0.00606439	2.64069e-93
rs7710595	5	106506697	A	C	0.534	0.0101	0.0017	5e-09	689024	0.0114693	0.00173407	3.73862e-11
rs7711753	5	122733317	A	G	0.4356	-0.0134	0.0016	3.4e-16	794802	-0.0144178	0.00162226	6.25017e-19
rs7715256	5	153537893	T	G	0.5781	-0.0166	0.0016	2.2e-24	795302	-0.01501	0.00165754	1.35853e-19
rs7716275	5	137631073	T	G	0.1933	-0.0132	0.0021	2.2e-10	781833	-0.0149858	0.00214207	2.63497e-12
rs7727781	5	165185571	T	C	0.5205	0.0097	0.0017	1.9e-08	683127	0.00990591	0.00170367	6.08372e-09
rs7730004	5	43191033	T	C	0.6693	0.0148	0.0018	9.1e-16	690164	0.0117965	0.0019327	1.03683e-09
rs7730898	5	170459675	A	G	0.729	0.0168	0.0018	4.5e-20	792975	0.0129355	0.00193737	2.44196e-11
rs7748777	6	41133806	A	G	0.4587	0.0105	0.0016	1.6e-10	790069	0.00932495	0.00160723	6.55803e-09
rs775731	3	77624784	T	C	0.5878	-0.0108	0.0017	6.6e-10	684541	-0.0107202	0.00170269	3.05398e-10
rs7760082	6	21919387	A	G	0.6646	-0.0122	0.0018	2.9e-11	690649	-0.0124878	0.00180106	4.10241e-12
rs7777102	7	73058017	A	G	0.8707	-0.0126	0.0024	2e-07	778320	-0.0140861	0.00244501	8.35286e-09
rs7779498	7	130408415	T	C	0.03859	-0.0249	0.0045	3.1e-08	671584	-0.0328288	0.00463875	1.47218e-12
rs7784465	7	6418275	T	C	0.8607	-0.0164	0.0025	1.1e-10	685477	-0.0175104	0.00250808	2.91861e-12
rs7796608	7	897847	A	G	0.8269	0.0124	0.0025	5.1e-07	601887	0.0153923	0.0025877	2.71001e-09
rs7805441	7	78121458	T	C	0.5092	0.0109	0.0017	3.4e-10	682488	0.012661	0.00175787	5.91291e-13
rs7827182	8	8380471	C	G	0.4946	0.0177	0.0018	1.7e-22	582727	0.0154643	0.00212713	3.59448e-13
rs7832003	8	10782004	C	G	0.1801	-0.0064	0.0023	0.0049	682766	-0.0223661	0.00271406	1.70984e-16
rs7844647	8	34503776	T	C	0.7319	0.0123	0.0018	2.8e-11	793703	0.0126016	0.00181034	3.38117e-12
rs785278	1	33307987	A	T	0.1771	-0.0159	0.0023	2.8e-12	690853	-0.0147641	0.00231203	1.70527e-10
rs7865157	9	122631560	T	C	0.1068	0.0177	0.0028	3.7e-10	690934	0.0174521	0.0028085	5.16415e-10
rs7869771	9	94180627	A	C	0.7353	0.014	0.0019	4.9e-13	679436	0.0132872	0.00190546	3.09775e-12
rs7871866	9	131027982	C	G	0.1531	0.0187	0.0024	2.3e-14	683494	0.0149541	0.00251545	2.76607e-09
rs7874154	9	27777012	T	C	0.5021	-0.0127	0.0017	1.8e-13	685829	-0.0119391	0.00175457	1.01335e-11
rs7893571	10	16750129	T	G	0.662	0.0136	0.0018	1.8e-13	687864	0.0136168	0.00180144	4.06658e-14
rs7899106	10	87410904	A	G	0.95223	-0.0331	0.0037	1e-18	793689	-0.0316906	0.00372198	1.67386e-17
rs7903146	10	114758349	T	C	0.2912	-0.0181	0.0018	1.3e-23	795624	-0.0130998	0.0019951	5.16961e-11
rs7919	16	70514828	A	C	0.4495	-0.0158	0.0017	1e-19	685991	-0.0120648	0.00177862	1.17538e-11
rs7924371	11	49620595	T	C	0.5574	-0.004	0.0017	0.023	689201	-0.0497501	0.00363466	1.20276e-42
rs793520	10	99032375	A	G	0.3233	0.0105	0.0019	1.9e-08	687049	0.012379	0.00193214	1.48511e-10
rs7941030	11	122522375	T	C	0.6141	-0.0112	0.0017	2e-11	795457	-0.0111437	0.00170393	6.15278e-11
rs7948120	11	28763321	T	C	0.2598	-0.0132	0.0019	7.3e-12	756039	-0.0132334	0.00205343	1.15932e-10
rs7958206	12	39329294	A	G	0.4022	0.0014	0.0018	0.43	682999	0.0182019	0.00303697	2.05433e-09
rs7965658	12	49987929	A	G	0.1995	-0.0016	0.0022	0.47	691448	-0.0139895	0.00228959	9.96141e-10
rs7968230	12	133481917	A	G	0.3226	0.0131	0.0018	1.6e-12	690439	0.0120103	0.00182525	4.70071e-11
rs7973955	12	118409640	A	G	0.2847	-0.0126	0.0019	3.7e-11	684108	-0.011626	0.00192449	1.53119e-09
rs7975187	12	60964108	A	G	0.7926	-0.0128	0.0021	1.4e-09	691440	-0.0136974	0.00210578	7.78558e-11
rs799132	14	82684748	A	T	0.2212	-0.011	0.0021	3.1e-07	685905	-0.0123783	0.00212475	5.68499e-09
rs799449	7	44784697	T	C	0.5505	0.013	0.0017	8.7e-14	684521	0.0136007	0.00171657	2.31498e-15
rs8016771	14	102649451	T	G	0.91248	-0.019	0.0031	1.1e-09	691604	-0.0217221	0.00313627	4.3261e-12
rs8016859	14	30484722	C	G	0.03964	0.0349	0.0043	7.1e-16	781430	0.0331923	0.00435456	2.48964e-14
rs8024932	15	77915282	T	G	0.8929	0.0091	0.0028	0.0013	685606	0.0213433	0.00306692	3.42207e-12
rs8033510	15	61445514	T	C	0.3713	0.0106	0.0018	5.1e-09	686532	0.0115642	0.00181608	1.91955e-10
rs8036040	15	36402716	A	C	0.4932	0.0109	0.0017	2.7e-10	691068	0.0109493	0.00170178	1.24255e-10
rs8046061	16	80752293	T	C	0.5498	0.009	0.0017	2.6e-07	680891	0.010269	0.00174305	3.82997e-09
rs8047395	16	53798523	A	G	0.5061	0.0642	0.0017	0	788856	0.0410245	0.00361731	8.20676e-30
rs8067737	17	29349688	T	C	0.1101	0.0166	0.003	3.2e-08	649518	0.0174522	0.00301115	6.79784e-09
rs8069296	17	42935059	T	C	0.7929	-0.0104	0.002	3.6e-07	794875	-0.0128761	0.00209349	7.7217e-10
rs8070454	17	38160754	T	C	0.3869	-0.0098	0.0017	4.2e-09	795617	-0.0101447	0.00176956	9.87203e-09
rs8071182	17	55336155	A	G	0.1735	0.0133	0.0022	2.1e-09	771437	0.0134063	0.00220194	1.14052e-09
rs8075273	17	61728881	A	C	0.2815	-0.0133	0.0018	3.7e-13	795026	-0.0113817	0.00186991	1.15235e-09
rs8079034	17	5412361	T	C	0.1883	0.0096	0.0022	1.3e-05	687609	0.0139788	0.00238956	4.91741e-09
rs8081039	17	75995829	T	C	0.0573	0.0233	0.0038	6.1e-10	677239	0.0240735	0.00381653	2.83219e-10
rs8087550	18	58371566	A	C	0.4923	-3e-04	0.0017	0.84	681066	0.0126995	0.00209525	1.35203e-09
rs8089514	18	69224478	A	T	0.359	0.0126	0.0019	1.1e-11	668999	0.0137616	0.00197162	2.95531e-12
rs8092503	18	52479487	A	G	0.7685	-0.0165	0.0019	2.3e-17	777619	-0.0136216	0.0019686	4.53466e-12
rs8094523	18	57878155	A	G	0.08016	-0.0305	0.0032	4.7e-22	779758	-0.044033	0.00387187	5.72846e-30
rs8095404	18	57804346	A	T	0.5444	-0.0259	0.0017	1.1e-54	781145	-0.0401888	0.00343289	1.17398e-31
rs8097544	18	1839564	A	G	0.8477	-0.02	0.0025	9.3e-16	686083	-0.0211172	0.00250388	3.34685e-17
rs8102137	19	30296853	T	C	0.6763	-0.0193	0.0018	1.7e-25	692575	-0.0186901	0.00180509	4.00942e-25
rs8121840	20	30504530	A	G	0.4933	0.0085	0.0017	1e-06	684197	0.0104989	0.00178648	4.18059e-09
rs8123881	20	15819495	A	G	0.8701	-0.0196	0.0024	4.4e-16	793018	-0.0221568	0.00246041	2.14973e-19
rs816364	6	53990465	A	G	0.6394	-0.01	0.0018	2e-08	692516	-0.0111343	0.00189776	4.43625e-09
rs816533	20	26256565	A	G	0.96246	-0.0168	0.0047	0.00034	671852	-0.0308213	0.00498185	6.14267e-10
rs820077	6	35033854	A	G	0.8091	-0.0064	0.0022	0.0032	692106	0.0278866	0.00285401	1.49931e-22
rs823074	1	205774839	T	C	0.5884	0.0112	0.0017	1.6e-10	689143	0.0117765	0.00170208	4.55219e-12
rs825680	16	73606563	A	T	0.5827	0.0104	0.0018	6.7e-09	680731	0.0107161	0.00184778	6.65292e-09
rs827092	3	157985182	T	C	0.5831	0.0129	0.0017	1.1e-13	692482	0.0121482	0.00172838	2.08538e-12
rs845084	10	125220036	A	G	0.2678	0.014	0.002	1.3e-12	685413	0.0128972	0.00202249	1.80689e-10
rs847747	6	40080069	T	G	0.2964	-0.0113	0.0019	2.1e-09	685794	-0.0112944	0.00196114	8.45555e-09
rs849135	7	28196413	A	G	0.4914	0.0109	0.0016	2e-11	793909	0.0117283	0.00161804	4.21594e-13
rs853679	6	28296863	A	C	0.1407	0.0134	0.0022	2.8e-09	792572	0.0728288	0.00419462	1.58884e-67
rs8567	20	62522315	A	G	0.5232	-0.009	0.0016	4.3e-08	784841	-0.00986842	0.00163993	1.7702e-09
rs868554	16	20050466	C	G	0.7537	-0.019	0.002	1.2e-20	681858	-0.0171654	0.00203413	3.20942e-17
rs874454	7	131896813	A	G	0.3379	-0.0081	0.0018	1.1e-05	686146	-0.0138624	0.00213733	8.82457e-11
rs879620	16	4015729	T	C	0.6179	0.0231	0.0018	5.3e-38	688377	0.0156034	0.0023281	2.05295e-11
rs881301	8	38332318	T	C	0.5818	-0.0097	0.0017	2.4e-08	691753	-0.0100967	0.00170803	3.39391e-09
rs884282	12	117579274	T	C	0.5754	-0.0093	0.0017	8.3e-08	691002	-0.0107604	0.00176045	9.82197e-10
rs886444	17	46051911	A	G	0.3955	-0.0102	0.0017	8.4e-10	793863	-0.012976	0.0018837	5.63497e-12
rs889398	16	69556715	T	C	0.4247	-0.0196	0.0016	1.3e-32	789694	-0.0182483	0.00167034	8.76066e-28
rs892261	13	65884191	T	C	0.4429	-0.0103	0.0017	2.2e-09	691303	-0.0122492	0.00195368	3.61498e-10
rs895330	19	4060707	C	G	0.8076	0.0201	0.0023	5.5e-19	684271	0.0198845	0.00231145	7.79218e-18
rs900144	11	13294268	T	C	0.5674	0.0166	0.0017	8.7e-22	692126	0.016078	0.00171543	7.07905e-21
rs901630	6	98539519	T	C	0.3973	-0.0146	0.0017	1.9e-18	794597	-0.0103412	0.00178612	7.05009e-09
rs902695	2	113955074	A	G	0.4798	-0.0103	0.0017	2.2e-09	678635	-0.0136363	0.001841	1.29157e-13
rs903959	8	142630782	A	T	0.3965	0.0106	0.0018	1.6e-09	689895	0.0107193	0.00180251	2.73302e-09
rs905938	1	154991389	T	C	0.7325	-0.0149	0.0019	1.2e-15	795227	-0.0160535	0.00201927	1.86277e-15
rs907011	16	54234492	T	G	0.7032	0.0102	0.0019	1.6e-07	662024	0.011547	0.00190703	1.40447e-09
rs9077	1	202116238	A	G	0.33	-0.0138	0.0019	3.5e-13	663139	-0.0158461	0.00208298	2.79645e-14
rs912768	1	173473713	C	G	0.4021	0.0043	0.0017	0.013	690979	0.0421054	0.00357079	4.31118e-32
rs919433	2	198166565	A	G	0.359	0.0036	0.0018	0.045	685331	0.0141616	0.00209426	1.36018e-11
rs925018	3	62713143	C	G	0.6765	-0.013	0.0018	1.4e-13	792062	-0.0115278	0.00182426	2.63008e-10
rs925421	4	60253877	A	G	0.2657	0.0116	0.002	5.8e-09	674423	0.0132343	0.00205855	1.285e-10
rs926279	6	58298846	A	G	0.7094	-0.0036	0.0019	0.055	725673	0.0314674	0.00375257	5.04819e-17
rs9289499	3	135484734	T	C	0.8965	-0.0031	0.0028	0.27	679548	0.0258182	0.00334242	1.12391e-14
rs9291467	4	25428296	T	C	0.4625	0.014	0.0017	6.7e-16	688636	0.0129185	0.00172949	8.04729e-14
rs9294260	6	83433228	A	G	0.4731	0.0147	0.0016	1.8e-19	783533	0.0132245	0.00170609	9.09341e-15
rs929641	2	58792377	A	G	0.5837	0.015	0.0016	4.8e-20	793752	0.0143361	0.00196896	3.31245e-13
rs9299	17	46669430	T	C	0.6471	0.0121	0.0018	3.6e-11	692577	0.0147457	0.00186469	2.61814e-15
rs930295	2	50233352	A	C	0.1583	0.0211	0.0023	1e-19	690522	0.0166449	0.0024148	5.46874e-12
rs9332817	11	118365210	C	G	0.02561	-0.0382	0.006	1.7e-10	530761	-0.0347143	0.00603298	8.71066e-09
rs934515	2	79482643	A	G	0.1178	0.0185	0.0027	7.6e-12	686026	0.0177688	0.00272898	7.45766e-11
rs9349239	6	42676480	A	G	0.492	0.0122	0.0017	1.3e-12	687917	0.0106297	0.00178943	2.84549e-09
rs9362662	6	90296588	A	G	0.4799	0.0112	0.0017	1.2e-10	683953	0.0111751	0.00185918	1.84606e-09
rs9367368	6	13189275	T	C	0.6967	0.0121	0.0018	1e-11	786723	0.0138173	0.00182933	4.24618e-14
rs9370042	6	51546123	C	G	0.1217	0.0038	0.0026	0.15	691448	-0.0182864	0.00290237	2.96648e-10
rs9394312	6	35672330	C	G	0.4917	0.0109	0.0017	2.3e-10	691704	0.0483417	0.00337023	1.16582e-46
rs9396763	6	9952059	A	C	0.2201	0.0089	0.0021	2.4e-05	684286	0.0134681	0.0023492	9.86422e-09
rs9419958	10	105675946	T	C	0.1363	-0.0126	0.0025	6.8e-07	691816	-0.0153566	0.00263389	5.52942e-09
rs9426003	1	34602870	A	G	0.2952	-0.0116	0.0019	1.4e-09	682054	-0.0111913	0.00190145	3.96435e-09
rs9460306	6	19211776	T	C	0.09056	0.0136	0.0031	8.5e-06	691559	0.019176	0.00316325	1.3434e-09
rs9463175	6	9510030	T	C	0.3483	-0.0108	0.0017	4.2e-10	771669	-0.011548	0.00171351	1.59056e-11
rs946526	1	46487168	T	C	0.04332	-0.0314	0.0043	1.7e-13	674813	-0.031921	0.00465284	6.86037e-12
rs9470086	6	35709678	A	C	0.01701	0.0243	0.0068	0.00034	738213	0.0723703	0.00772251	7.16141e-21
rs9475173	6	55013291	A	G	0.6535	0.0108	0.0019	6.6e-09	678491	0.01192	0.00201673	3.40892e-09
rs9507983	13	28620036	T	C	0.6072	-0.0156	0.0018	1.4e-18	692568	-0.0132805	0.00210943	3.05857e-10
rs952159	16	71965915	A	G	0.3347	-2e-04	0.0018	0.9	691197	0.017961	0.00265112	1.24499e-11
rs9527706	13	58402479	A	G	0.7286	-0.0115	0.0018	5.1e-10	794927	-0.0114838	0.00200244	9.75658e-09
rs9530843	13	79563749	A	C	0.5558	0.0128	0.0018	4.8e-13	674325	0.0139613	0.00184637	3.98457e-14
rs9538141	13	59178258	A	G	0.509	0.0164	0.0017	3.5e-21	676674	0.013447	0.00190322	1.60147e-12
rs954018	18	42598463	A	G	0.3053	-0.013	0.0018	2.1e-13	795474	-0.0140209	0.00181059	9.64715e-15
rs9540493	13	66205704	A	G	0.4419	0.0139	0.0017	8.1e-17	785493	0.0169111	0.00178869	3.24607e-21
rs9544915	13	36230485	T	C	0.8601	0.014	0.0025	1.6e-08	690945	0.0153897	0.00254728	1.5256e-09
rs9554263	13	28681228	C	G	0.7686	-0.0109	0.0021	2.4e-07	685732	-0.0122262	0.00210912	6.75789e-09
rs9571687	13	67472713	A	C	0.329	-0.0129	0.0018	2.8e-12	690974	-0.017423	0.00195013	4.09886e-19
rs9595908	13	33184288	T	C	0.6277	0.0159	0.0017	4.2e-21	794175	0.0157688	0.00170059	1.81783e-20
rs9603697	13	40783323	T	C	0.3186	0.0141	0.0018	2.6e-14	688189	0.0147849	0.00180883	2.98939e-16
rs9615905	22	48875699	T	C	0.45	0.011	0.0017	2.7e-10	690274	0.0103239	0.0017331	2.57041e-09
rs9630985	2	181607676	A	C	0.3244	-0.0177	0.0018	4.4e-22	690619	-0.0130328	0.00191103	9.11766e-12
rs9657542	8	10864363	C	G	0.3644	-0.0048	0.0018	0.0073	684813	0.101953	0.00364932	9.32018e-172
rs9675376	18	57969244	A	G	0.2877	0.035	0.0018	2.7e-82	783569	0.0215401	0.00220112	1.29341e-22
rs967605	1	23399932	T	C	0.8334	-0.0192	0.0023	1.7e-16	691316	-0.0172999	0.00238062	3.67663e-13
rs9688431	6	73922654	T	C	0.93966	0.0231	0.0035	2.4e-11	789356	0.0222421	0.00351436	2.46895e-10
rs968972	2	51171962	A	G	0.641	0.0089	0.0018	9e-07	688147	0.0108269	0.00182201	2.81091e-09
rs9714342	3	90428286	T	C	0.4231	-0.0151	0.0019	6.1e-15	524851	-0.0385786	0.00279475	2.41336e-43
rs972283	7	130466854	A	G	0.4849	0.0096	0.0016	5.1e-09	795592	0.00964128	0.00160684	1.97133e-09
rs972540	2	207244783	A	G	0.7272	-0.013	0.0018	8e-13	794958	-0.0117369	0.00182829	1.36622e-10
rs977540	16	9724750	A	G	0.7617	0.014	0.0019	2.5e-13	789485	0.0119828	0.00193855	6.35598e-10
rs9787495	10	103206115	A	G	0.4366	-0.0103	0.0017	3.1e-09	689779	-0.0111631	0.00190918	5.00235e-09
rs980329	2	60285100	T	C	0.7516	-0.0133	0.002	2.5e-11	692518	-0.017143	0.00210511	3.83944e-16
rs9806058	14	35673470	A	T	0.877	0.0164	0.0026	4e-10	690566	0.0149774	0.00261095	9.67137e-09
rs9809534	3	125189782	C	G	0.8769	0.0164	0.0026	2.3e-10	692357	0.0163709	0.00261122	3.62397e-10
rs9814633	3	41310470	A	G	0.3434	0.0122	0.0018	2.1e-11	691120	0.0129089	0.00182328	1.44127e-12
rs9816226	3	185834499	A	T	0.1801	-0.0323	0.0021	1.6e-52	778333	-0.0234893	0.00268363	2.08111e-18
rs9827072	3	51184893	A	G	0.1235	-0.0114	0.0031	0.00024	669035	0.100847	0.00547365	8.40715e-76
rs9832305	3	89392778	T	C	0.7199	-0.0073	0.0019	0.00017	678660	-0.0227789	0.00289522	3.60983e-15
rs9838283	3	50820486	A	G	0.7978	0.0161	0.0026	1e-09	692402	0.11086	0.00490756	5.48561e-113
rs9846123	3	49088112	T	C	0.3539	-0.0011	0.0018	0.54	692518	0.0494432	0.00384827	8.80598e-38
rs984902	2	81358877	A	T	0.8845	0.0113	0.0027	2.2e-05	692068	0.0187605	0.00285583	5.05894e-11
rs987237	6	50803050	A	G	0.8197	-0.0409	0.0021	9.3e-84	795612	-0.0393073	0.00269921	4.86229e-48
rs9881036	3	136845666	A	G	0.6653	-0.0035	0.0017	0.044	787623	0.0368546	0.00341762	4.11005e-27
rs9905991	17	80052073	A	G	0.4483	0.01	0.0017	8.3e-09	687945	0.0105933	0.00171307	6.25724e-10
rs9922708	16	53831146	T	C	0.4323	0.0692	0.0016	0	794334	0.0305756	0.00324698	4.65792e-21
rs9927848	16	23833071	A	C	0.7326	-0.0122	0.002	6.4e-10	687060	-0.0130328	0.00200731	8.43217e-11
rs9931164	16	53825238	A	G	0.98188	0.0245	0.0061	5.4e-05	749059	0.0801727	0.00626519	1.71441e-37
rs9931407	16	67290155	T	C	0.96656	-8e-04	0.0049	0.87	680058	0.0456246	0.00582322	4.69059e-15
rs9931967	16	20375351	T	G	0.5082	0.0163	0.0017	1e-20	684371	0.0149208	0.00170916	2.54903e-18
rs993931	7	71888157	A	G	0.599	-0.0057	0.0018	0.0013	676675	-0.0112436	0.00189157	2.78039e-09
rs993954	2	188325474	T	G	0.5715	0.0084	0.0017	1.2e-06	689310	0.0115299	0.00195453	3.65594e-09
rs9951893	18	60739250	T	C	0.5249	-0.0115	0.0017	3.3e-11	682456	-0.0112006	0.00177965	3.09961e-10
rs9961813	18	57853056	A	C	0.913	0.013	0.003	1.2e-05	792281	0.0448644	0.00434418	5.29267e-25
rs9979651	21	34153330	C	G	0.92949	-0.0165	0.0034	1.3e-06	689520	-0.0208707	0.00350369	2.57236e-09
rs998584	6	43757896	A	C	0.4775	-0.0131	0.0017	1.3e-14	757136	-0.0156259	0.00182594	1.1514e-17
rs998732	19	19378671	A	G	0.8422	0.0171	0.0022	2e-14	793852	0.0162974	0.00224954	4.33124e-13
